-31.854485 14.483299 153.862525 -63.838408 -20.918823 -50.581274 153.939468 0.988295 67.907839 15.254228 51.432981 100.641429 -63.286233 81.194552 74.479385 0.999934
-30.318133 15.940345 153.894821 -66.701455 -22.226954 -47.826496 155.014128 1.005499 67.906150 15.253236 51.432125 100.642211 -63.286092 81.193147 74.478417 0.999914
-29.665546 16.672985 153.741937 -68.616789 -22.476340 -45.768010 155.462380 0.995377 67.905488 15.252746 51.431695 100.642546 -63.286060 81.192564 74.477990 0.999919
-29.105650 17.110110 153.434739 -69.819995 -22.570557 -44.424336 155.764343 0.998536 67.905165 15.252405 51.431520 100.642938 -63.286082 81.192181 74.477753 0.999927
-28.825214 17.930105 153.478687 -71.003065 -22.240390 -43.161470 156.015476 1.014167 67.904880 15.252219 51.431401 100.643184 -63.286103 81.191939 74.477649 0.999916
-28.635538 18.298247 153.507438 -71.571844 -22.060259 -42.506824 156.127991 1.012189 67.904814 15.252032 51.431294 100.643255 -63.286062 81.191785 74.477576 0.999919
-28.447970 18.893386 153.615335 -72.357459 -21.798204 -41.674198 156.267204 1.025081 67.904658 15.251886 51.431255 100.643428 -63.286067 81.191643 74.477548 0.999921
-28.306271 19.086992 153.512386 -72.710926 -21.695797 -41.147229 156.337543 1.021552 67.904625 15.251801 51.431210 100.643512 -63.286069 81.191549 74.477507 0.999926
-28.182791 19.496437 153.597743 -73.319125 -21.521885 -40.523312 156.418603 1.030495 67.904524 15.251714 51.431146 100.643618 -63.286058 81.191459 74.477460 0.999926
-28.066980 19.959070 153.661767 -73.641778 -21.340198 -39.999270 156.486042 1.037172 67.904424 15.251664 51.431097 100.643768 -63.286057 81.191421 74.477453 0.999929
-28.022726 20.189207 153.669296 -73.925037 -21.204031 -39.604733 156.519596 1.038034 67.904392 15.251631 51.431067 100.643817 -63.286066 81.191384 74.477440 0.999931
-27.953890 20.467162 153.730005 -74.256022 -20.995383 -39.240909 156.574644 1.044906 67.904334 15.251590 51.431036 100.643896 -63.286064 81.191336 74.477424 0.999933
-27.929280 20.695478 153.743258 -74.566762 -20.767791 -38.885377 156.620769 1.050369 67.904289 15.251541 51.431006 100.643946 -63.286048 81.191299 74.477402 0.999933
-27.866367 20.887032 153.730913 -74.776007 -20.603436 -38.586978 156.644029 1.051613 67.904240 15.251534 51.430970 100.644010 -63.286042 81.191258 74.477371 0.999936
-27.823095 21.110293 153.766333 -75.027361 -20.417193 -38.288768 156.668360 1.056277 67.904200 15.251522 51.430943 100.644059 -63.286034 81.191237 74.477366 0.999936
-27.790902 21.314090 153.800550 -75.249081 -20.233510 -38.048667 156.705499 1.058390 67.904160 15.251498 51.430898 100.644095 -63.286025 81.191200 74.477333 0.999937
-27.765430 21.521583 153.868630 -75.489035 -20.016127 -37.702397 156.724022 1.062167 67.904121 15.251482 51.430865 100.644140 -63.286017 81.191166 74.477313 0.999937
-27.747867 21.740784 153.900332 -75.727077 -19.837513 -37.401466 156.744528 1.064817 67.904079 15.251471 51.430832 100.644190 -63.286017 81.191133 74.477290 0.999935
-27.731486 21.897823 153.923614 -75.959770 -19.677103 -37.157841 156.764463 1.066321 67.904060 15.251462 51.430804 100.644214 -63.286007 81.191109 74.477274 0.999937
-27.722007 22.092361 153.993957 -76.247263 -19.498842 -36.832615 156.784323 1.067611 67.904055 15.251449 51.430767 100.644227 -63.285994 81.191081 74.477243 0.999934
-27.700244 22.326847 154.047857 -76.490089 -19.307123 -36.544236 156.797312 1.069340 67.904043 15.251437 51.430723 100.644236 -63.285985 81.191058 74.477203 0.999934
-27.704116 22.544073 154.109845 -76.738926 -19.112377 -36.276050 156.805607 1.071581 67.904035 15.251439 51.430687 100.644234 -63.285980 81.191031 74.477184 0.999933
-27.706910 22.706302 154.150195 -77.022718 -18.912182 -36.014849 156.815476 1.071769 67.904037 15.251421 51.430651 100.644238 -63.285963 81.191006 74.477151 0.999933
-27.710302 22.906604 154.205554 -77.313904 -18.676004 -35.710063 156.830145 1.073072 67.904027 15.251399 51.430613 100.644254 -63.285947 81.190980 74.477118 0.999928
-27.685617 23.076166 154.247000 -77.521582 -18.488325 -35.522471 156.844371 1.074020 67.904028 15.251399 51.430590 100.644275 -63.285938 81.190972 74.477103 0.999926
-27.671199 23.212244 154.259909 -77.717268 -18.293067 -35.293237 156.853036 1.073374 67.904024 15.251395 51.430568 100.644291 -63.285924 81.190954 74.477079 0.999920
-27.654662 23.371065 154.301998 -77.852291 -18.162317 -35.132037 156.860630 1.074595 67.904012 15.251393 51.430544 100.644318 -63.285915 81.190947 74.477060 0.999918
-27.641696 23.547826 154.340305 -78.029560 -17.998439 -34.911464 156.869821 1.075619 67.904005 15.251392 51.430511 100.644340 -63.285899 81.190935 74.477032 0.999917
-27.629170 23.685713 154.364892 -78.174883 -17.877215 -34.715329 156.875823 1.075978 67.903995 15.251393 51.430484 100.644366 -63.285888 81.190920 74.477014 0.999914
-27.605020 23.823229 154.371123 -78.322994 -17.708284 -34.538914 156.879239 1.074809 67.903998 15.251390 51.430461 100.644381 -63.285876 81.190913 74.476987 0.999912
-27.588248 23.980169 154.382329 -78.425266 -17.614216 -34.347757 156.885452 1.076229 67.903982 15.251397 51.430446 100.644422 -63.285871 81.190911 74.476993 0.999910
-27.579905 24.131403 154.402940 -78.552692 -17.428196 -34.172301 156.882733 1.076859 67.903975 15.251398 51.430430 100.644438 -63.285863 81.190900 74.476975 0.999909
-27.576455 24.315702 154.432805 -78.701055 -17.259225 -33.948387 156.882930 1.078042 67.903966 15.251386 51.430400 100.644451 -63.285852 81.190884 74.476955 0.999904
-27.558335 24.488934 154.481103 -78.861984 -17.099306 -33.752521 156.889748 1.078620 67.903961 15.251379 51.430371 100.644462 -63.285834 81.190871 74.476935 0.999901
-27.542246 24.648186 154.507148 -78.996478 -16.948506 -33.590639 156.889602 1.079331 67.903964 15.251369 51.430354 100.644477 -63.285823 81.190862 74.476919 0.999899
-27.534431 24.799562 154.530933 -79.151078 -16.758136 -33.383204 156.888014 1.079757 67.903960 15.251357 51.430335 100.644500 -63.285811 81.190853 74.476905 0.999896
-27.515817 24.938796 154.581799 -79.259648 -16.624678 -33.229604 156.885161 1.081080 67.903952 15.251352 51.430307 100.644510 -63.285798 81.190846 74.476884 0.999894
-27.501231 25.073213 154.607477 -79.396986 -16.487022 -33.061911 156.885624 1.081325 67.903943 15.251351 51.430290 100.644521 -63.285788 81.190839 74.476871 0.999892
-27.494529 25.188267 154.665530 -79.476686 -16.373674 -32.941332 156.883394 1.081701 67.903945 15.251339 51.430272 100.644514 -63.285774 81.190833 74.476849 0.999890
-27.497614 25.300685 154.721293 -79.596313 -16.266964 -32.783801 156.883773 1.082363 67.903955 15.251322 51.430258 100.644499 -63.285760 81.190820 74.476831 0.999888
-27.500198 25.422604 154.759938 -79.733865 -16.101516 -32.614792 156.876536 1.082240 67.903956 15.251301 51.430234 100.644488 -63.285748 81.190801 74.476802 0.999886
-27.498234 25.530885 154.788398 -79.833668 -15.985980 -32.478477 156.873813 1.082041 67.903957 15.251284 51.430217 100.644474 -63.285737 81.190786 74.476788 0.999883
-27.490389 25.650074 154.827631 -79.935989 -15.866133 -32.324140 156.871809 1.081582 67.903954 15.251270 51.430196 100.644459 -63.285725 81.190768 74.476761 0.999881
-27.481297 25.772873 154.857209 -80.032344 -15.735725 -32.199982 156.872067 1.081367 67.903952 15.251252 51.430174 100.644451 -63.285713 81.190752 74.476739 0.999879
-27.483378 25.904703 154.896871 -80.132923 -15.604452 -32.041266 156.868035 1.081721 67.903954 15.251236 51.430162 100.644441 -63.285707 81.190742 74.476726 0.999876
-27.474891 26.031728 154.943588 -80.233734 -15.467898 -31.895106 156.868036 1.081749 67.903957 15.251217 51.430146 100.644429 -63.285695 81.190730 74.476706 0.999875
-27.461219 26.120548 154.992102 -80.284491 -15.383899 -31.812915 156.868284 1.081400 67.903967 15.251203 51.430133 100.644410 -63.285685 81.190725 74.476690 0.999873
-27.450430 26.241143 155.031212 -80.386701 -15.268172 -31.664702 156.866410 1.081266 67.903971 15.251184 51.430112 100.644405 -63.285674 81.190711 74.476675 0.999872
-27.451249 26.345664 155.089800 -80.462687 -15.179793 -31.522862 156.857929 1.080324 67.903979 15.251175 51.430093 100.644391 -63.285664 81.190701 74.476655 0.999869
-27.448747 26.469016 155.150379 -80.550856 -15.054509 -31.384458 156.855758 1.080144 67.903993 15.251159 51.430082 100.644373 -63.285655 81.190688 74.476640 0.999869
-27.445694 26.577635 155.192267 -80.637130 -14.932977 -31.250291 156.853284 1.079862 67.904002 15.251138 51.430066 100.644353 -63.285644 81.190675 74.476621 0.999866
-27.455353 26.700888 155.252227 -80.731590 -14.803475 -31.074935 156.847423 1.079495 67.904012 15.251127 51.430050 100.644347 -63.285635 81.190669 74.476613 0.999865
-27.452389 26.801211 155.297771 -80.815966 -14.697114 -30.958356 156.845283 1.078708 67.904022 15.251111 51.430036 100.644331 -63.285626 81.190660 74.476598 0.999863
-27.463163 26.908935 155.355191 -80.891004 -14.586790 -30.821316 156.841003 1.077617 67.904034 15.251095 51.430025 100.644308 -63.285618 81.190646 74.476582 0.999860
-27.468616 26.998525 155.407515 -80.958916 -14.464475 -30.695041 156.834082 1.076248 67.904049 15.251082 51.430016 100.644291 -63.285611 81.190638 74.476565 0.999858
-27.473183 27.116119 155.460645 -81.038985 -14.347638 -30.531369 156.831848 1.074983 67.904058 15.251068 51.430001 100.644281 -63.285603 81.190624 74.476551 0.999856
-27.480230 27.205475 155.510694 -81.103405 -14.234511 -30.428226 156.829850 1.072971 67.904074 15.251054 51.429994 100.644255 -63.285595 81.190612 74.476531 0.999856
-27.485689 27.299113 155.554452 -81.190851 -14.098655 -30.299536 156.826396 1.070516 67.904089 15.251035 51.429983 100.644233 -63.285591 81.190597 74.476513 0.999853
-27.492530 27.400371 155.597236 -81.281235 -13.961857 -30.160978 156.820587 1.067649 67.904101 15.251017 51.429972 100.644213 -63.285586 81.190581 74.476500 0.999851
-27.503340 27.505045 155.645254 -81.358378 -13.842764 -29.987710 156.814954 1.063774 67.904117 15.251003 51.429966 100.644194 -63.285581 81.190566 74.476478 0.999850
-27.507618 27.611774 155.695027 -81.432855 -13.716610 -29.841749 156.812265 1.061107 67.904126 15.250989 51.429953 100.644184 -63.285573 81.190552 74.476460 0.999848
-27.515778 27.702837 155.733817 -81.507627 -13.595832 -29.687001 156.805582 1.055291 67.904142 15.250973 51.429944 100.644164 -63.285571 81.190534 74.476437 0.999845
-27.520086 27.789575 155.773134 -81.565247 -13.493218 -29.545756 156.798486 1.050618 67.904156 15.250958 51.429934 100.644152 -63.285564 81.190520 74.476416 0.999843
-27.528596 27.884232 155.810844 -81.624150 -13.392080 -29.365722 156.792331 1.042337 67.904170 15.250943 51.429924 100.644144 -63.285558 81.190502 74.476392 0.999840
-27.539641 27.985208 155.848205 -81.693662 -13.274409 -29.181264 156.781249 1.034598 67.904183 15.250923 51.429912 100.644126 -63.285553 81.190481 74.476366 0.999837
-27.549535 28.083960 155.883057 -81.746506 -13.181734 -29.016432 156.776002 1.025266 67.904192 15.250903 51.429897 100.644111 -63.285545 81.190460 74.476336 0.999834
-27.551315 28.172711 155.910951 -81.801178 -13.086380 -28.838540 156.768338 1.014847 67.904211 15.250882 51.429887 100.644092 -63.285540 81.190440 74.476305 0.999831
-27.561850 28.267995 155.947370 -81.843434 -12.979688 -28.673111 156.762418 1.003920 67.904224 15.250866 51.429875 100.644079 -63.285532 81.190420 74.476272 0.999829
-27.570421 28.349970 155.965511 -81.890478 -12.873130 -28.489831 156.754702 0.990835 67.904236 15.250842 51.429864 100.644064 -63.285529 81.190394 74.476238 0.999827
-27.580408 28.448228 155.991651 -81.943228 -12.767522 -28.292758 156.747466 0.976816 67.904254 15.250824 51.429852 100.644047 -63.285522 81.190372 74.476204 0.999824
-27.590887 28.542627 156.012400 -81.993857 -12.662220 -28.095571 156.741447 0.964311 67.904266 15.250805 51.429838 100.644036 -63.285514 81.190350 74.476168 0.999822
-27.590490 28.627221 156.036237 -82.023548 -12.587560 -27.914219 156.735324 0.948747 67.904273 15.250788 51.429822 100.644021 -63.285506 81.190326 74.476130 0.999818
-27.598386 28.701192 156.048312 -82.047846 -12.511173 -27.766423 156.729713 0.932680 67.904283 15.250771 51.429805 100.644007 -63.285500 81.190300 74.476096 0.999816
-27.602957 28.793649 156.066017 -82.094104 -12.413910 -27.578631 156.726163 0.915445 67.904287 15.250757 51.429787 100.643996 -63.285491 81.190270 74.476055 0.999813
-27.611400 28.852545 156.063733 -82.116613 -12.334835 -27.412041 156.718272 0.895619 67.904296 15.250742 51.429769 100.643985 -63.285485 81.190244 74.476013 0.999811
-27.616662 28.932328 156.074002 -82.140618 -12.254714 -27.243620 156.715037 0.875397 67.904303 15.250729 51.429750 100.643969 -63.285479 81.190213 74.475970 0.999808
-27.623763 29.015048 156.082147 -82.176307 -12.170306 -27.048297 156.708622 0.855765 67.904310 15.250715 51.429735 100.643961 -63.285473 81.190187 74.475931 0.999805
-27.634605 29.104973 156.090184 -82.195924 -12.080731 -26.883882 156.708677 0.833907 67.904313 15.250703 51.429715 100.643955 -63.285468 81.190155 74.475889 0.999803
-27.639583 29.152934 156.081746 -82.204845 -12.040233 -26.722989 156.704801 0.812668 67.904317 15.250695 51.429698 100.643950 -63.285462 81.190123 74.475847 0.999802
-27.641758 29.222530 156.075127 -82.225882 -11.961972 -26.562407 156.699363 0.790373 67.904324 15.250684 51.429679 100.643942 -63.285459 81.190096 74.475803 0.999799
-27.649076 29.273199 156.062387 -82.246347 -11.902590 -26.406733 156.697675 0.768222 67.904323 15.250673 51.429656 100.643938 -63.285451 81.190063 74.475757 0.999798
-27.657484 29.333767 156.051822 -82.250350 -11.855978 -26.254149 156.692794 0.746807 67.904325 15.250664 51.429636 100.643936 -63.285444 81.190037 74.475714 0.999797
-27.670323 29.402751 156.044073 -82.266177 -11.779509 -26.097922 156.689690 0.727038 67.904323 15.250661 51.429613 100.643929 -63.285437 81.190008 74.475674 0.999797
-27.679251 29.457467 156.013690 -82.261133 -11.724021 -25.950798 156.689088 0.704642 67.904317 15.250650 51.429590 100.643937 -63.285429 81.189980 74.475633 0.999795
-27.690571 29.488751 155.979007 -82.265591 -11.676774 -25.825709 156.682843 0.684208 67.904318 15.250645 51.429567 100.643942 -63.285420 81.189953 74.475595 0.999794
-27.690993 29.514451 155.959906 -82.260655 -11.633388 -25.730603 156.677217 0.662578 67.904314 15.250641 51.429544 100.643940 -63.285414 81.189922 74.475551 0.999793
-27.704536 29.531993 155.901998 -82.267619 -11.600698 -25.615585 156.671586 0.641627 67.904309 15.250636 51.429521 100.643945 -63.285405 81.189893 74.475513 0.999793
-27.717259 29.543488 155.851753 -82.248167 -11.570617 -25.518067 156.666220 0.621687 67.904301 15.250632 51.429498 100.643956 -63.285394 81.189867 74.475475 0.999793
-27.729058 29.511732 155.774758 -82.224656 -11.576729 -25.452946 156.660597 0.600705 67.904295 15.250633 51.429475 100.643966 -63.285383 81.189843 74.475442 0.999794
-27.740891 29.508772 155.708635 -82.214116 -11.569788 -25.365718 156.655405 0.580969 67.904289 15.250630 51.429453 100.643983 -63.285374 81.189817 74.475410 0.999794
-27.751225 29.456067 155.605607 -82.188534 -11.590787 -25.320500 156.650205 0.561652 67.904285 15.250629 51.429426 100.643992 -63.285365 81.189790 74.475377 0.999797
-27.763645 29.401810 155.496544 -82.163641 -11.618146 -25.280268 156.644236 0.543548 67.904281 15.250626 51.429404 100.644002 -63.285354 81.189767 74.475344 0.999798
-27.774354 29.315604 155.369681 -82.139206 -11.656718 -25.266762 156.638673 0.526535 67.904280 15.250624 51.429384 100.644017 -63.285345 81.189742 74.475316 0.999801
-27.782193 29.228361 155.238224 -82.104869 -11.706825 -25.266612 156.632947 0.508834 67.904280 15.250619 51.429360 100.644027 -63.285333 81.189719 74.475282 0.999804
-27.787834 29.136626 155.102108 -82.069102 -11.752055 -25.262619 156.630018 0.491856 67.904279 15.250617 51.429338 100.644043 -63.285325 81.189691 74.475253 0.999807
-27.796187 29.032378 154.965001 -82.025395 -11.813648 -25.288954 156.622406 0.477165 67.904278 15.250616 51.429322 100.644058 -63.285315 81.189672 74.475227 0.999811
-27.806379 28.931263 154.807391 -81.996594 -11.851725 -25.283377 156.620143 0.460078 67.904279 15.250615 51.429302 100.644075 -63.285306 81.189647 74.475200 0.999815
-27.812551 28.812119 154.650573 -81.956117 -11.930251 -25.308386 156.614501 0.445791 67.904279 15.250613 51.429288 100.644088 -63.285298 81.189628 74.475177 0.999818
-27.824538 28.669814 154.449237 -81.908953 -12.015703 -25.366612 156.610304 0.429136 67.904288 15.250609 51.429269 100.644103 -63.285290 81.189607 74.475153 0.999825
-27.835382 28.562080 154.302519 -81.866616 -12.088227 -25.393408 156.612882 0.414570 67.904288 15.250606 51.429262 100.644106 -63.285286 81.189587 74.475133 0.999828
-27.815981 28.510013 154.185794 -81.896630 -12.138172 -25.348458 156.613389 0.404346 67.904265 15.250574 51.429232 100.644127 -63.285279 81.189539 74.475097 0.999833
-27.819074 28.494020 154.125039 -81.885667 -12.163137 -25.292691 156.611733 0.394197 67.904268 15.250554 51.429219 100.644134 -63.285276 81.189520 74.475077 0.999835
-27.820663 28.442317 154.011402 -81.882152 -12.189063 -25.286100 156.609457 0.384668 67.904284 15.250536 51.429214 100.644142 -63.285271 81.189507 74.475053 0.999839
-27.830280 28.380392 153.919311 -81.863639 -12.225026 -25.292338 156.602156 0.374570 67.904292 15.250523 51.429199 100.644137 -63.285266 81.189492 74.475029 0.999843
-27.836088 28.331923 153.821490 -81.846894 -12.261122 -25.279796 156.599710 0.363474 67.904299 15.250513 51.429185 100.644134 -63.285263 81.189479 74.475007 0.999845
-27.838979 28.262028 153.731388 -81.798661 -12.308847 -25.331100 156.589559 0.352968 67.904306 15.250511 51.429175 100.644135 -63.285262 81.189472 74.474986 0.999848
-27.842407 28.171791 153.619929 -81.746245 -12.395446 -25.373887 156.580018 0.344226 67.904315 15.250509 51.429156 100.644138 -63.285255 81.189467 74.474965 0.999852
-27.843075 28.081503 153.541451 -81.708260 -12.463840 -25.436542 156.569413 0.334465 67.904319 15.250506 51.429139 100.644133 -63.285251 81.189462 74.474940 0.999855
-27.842820 27.967287 153.419674 -81.643318 -12.552438 -25.540933 156.560282 0.325758 67.904330 15.250501 51.429128 100.644120 -63.285249 81.189456 74.474923 0.999860
-27.839414 27.855535 153.284684 -81.582610 -12.643020 -25.627453 156.558964 0.315776 67.904335 15.250504 51.429107 100.644107 -63.285245 81.189441 74.474895 0.999865
-27.842039 27.760494 153.156206 -81.525601 -12.730968 -25.694487 156.555803 0.304872 67.904337 15.250504 51.429091 100.644106 -63.285242 81.189433 74.474868 0.999869
-27.842997 27.665243 153.013045 -81.468516 -12.820698 -25.763127 156.549164 0.294825 67.904344 15.250505 51.429075 100.644111 -63.285241 81.189429 74.474847 0.999874
-27.845721 27.575355 152.855636 -81.410922 -12.928594 -25.802973 156.547389 0.283727 67.904351 15.250506 51.429066 100.644129 -63.285241 81.189432 74.474830 0.999877
-27.855691 27.422204 152.640421 -81.333549 -13.098918 -25.918212 156.545270 0.274072 67.904370 15.250499 51.429061 100.644138 -63.285241 81.189430 74.474819 0.999883
-27.858145 27.326560 152.473762 -81.256401 -13.240036 -25.995582 156.546421 0.263940 67.904384 15.250501 51.429058 100.644156 -63.285243 81.189428 74.474804 0.999887
-27.867238 27.214808 152.280602 -81.187239 -13.377392 -26.083370 156.544045 0.253288 67.904396 15.250498 51.429059 100.644177 -63.285244 81.189433 74.474794 0.999893
-27.876126 27.093681 152.079029 -81.127811 -13.524449 -26.172603 156.549365 0.241574 67.904411 15.250502 51.429059 100.644192 -63.285247 81.189428 74.474780 0.999897
-27.901328 26.986865 151.869082 -81.061258 -13.677095 -26.230131 156.548776 0.230719 67.904424 15.250503 51.429061 100.644203 -63.285247 81.189430 74.474770 0.999903
-27.916776 26.868170 151.659462 -80.966877 -13.852088 -26.316190 156.550085 0.220115 67.904437 15.250501 51.429065 100.644220 -63.285250 81.189430 74.474762 0.999909
-27.927292 26.721482 151.430344 -80.836260 -14.062716 -26.480275 156.550885 0.210447 67.904451 15.250496 51.429077 100.644245 -63.285255 81.189439 74.474762 0.999914
-27.952342 26.605429 151.173645 -80.762370 -14.193331 -26.549888 156.553276 0.199868 67.904454 15.250491 51.429076 100.644267 -63.285259 81.189435 74.474756 0.999920
-27.974552 26.488433 150.907381 -80.696898 -14.328172 -26.618490 156.554110 0.188500 67.904457 15.250486 51.429076 100.644297 -63.285262 81.189435 74.474752 0.999928
-27.999013 26.347280 150.652478 -80.576592 -14.509031 -26.746473 156.554115 0.179307 67.904464 15.250484 51.429081 100.644324 -63.285266 81.189443 74.474754 0.999933
-28.019456 26.202288 150.401267 -80.441615 -14.715589 -26.881473 156.553563 0.169949 67.904463 15.250484 51.429086 100.644360 -63.285270 81.189448 74.474760 0.999940
-28.034434 26.044829 150.123414 -80.334644 -14.908928 -27.027294 156.551687 0.160674 67.904469 15.250485 51.429087 100.644391 -63.285275 81.189449 74.474764 0.999947
-28.054612 25.916174 149.870891 -80.223231 -15.098522 -27.153697 156.550405 0.152563 67.904478 15.250484 51.429086 100.644418 -63.285277 81.189457 74.474773 0.999954
-28.053839 25.782709 149.603752 -80.084381 -15.316632 -27.344926 156.550699 0.148645 67.904492 15.250475 51.429097 100.644411 -63.285280 81.189470 74.474779 0.999963
-28.054560 25.650499 149.382705 -79.972198 -15.500429 -27.517092 156.551552 0.147007 67.904494 15.250462 51.429101 100.644415 -63.285282 81.189474 74.474784 0.999969
-28.054975 25.491893 149.123176 -79.885036 -15.680763 -27.693178 156.554913 0.145150 67.904494 15.250450 51.429107 100.644397 -63.285285 81.189476 74.474790 0.999975
-28.051797 25.333692 148.901464 -79.758833 -15.885470 -27.874663 156.557145 0.143681 67.904490 15.250443 51.429109 100.644385 -63.285286 81.189480 74.474796 0.999981
-28.033509 25.123285 148.657869 -79.610188 -16.167599 -28.153244 156.552433 0.142916 67.904496 15.250429 51.429116 100.644353 -63.285286 81.189480 74.474796 0.999988
-28.024425 24.981437 148.448174 -79.487437 -16.366369 -28.342243 156.556472 0.141726 67.904498 15.250417 51.429117 100.644326 -63.285286 81.189488 74.474798 0.999993
-28.011817 24.805412 148.237619 -79.359316 -16.571958 -28.556299 156.562184 0.142055 67.904501 15.250414 51.429126 100.644308 -63.285289 81.189490 74.474803 0.999997
-27.994461 24.644021 148.044622 -79.235018 -16.785275 -28.772385 156.565077 0.142438 67.904505 15.250404 51.429140 100.644284 -63.285290 81.189500 74.474815 1.000001
-27.981558 24.451152 147.861126 -79.080910 -17.023808 -29.031322 156.563618 0.143574 67.904505 15.250399 51.429149 100.644257 -63.285290 81.189504 74.474824 1.000007
-27.962191 24.281081 147.673584 -78.940631 -17.231731 -29.274876 156.567286 0.144349 67.904502 15.250396 51.429152 100.644227 -63.285289 81.189509 74.474831 1.000011
-27.945118 24.118291 147.485504 -78.808058 -17.431967 -29.522147 156.570836 0.145540 67.904510 15.250387 51.429162 100.644197 -63.285290 81.189513 74.474843 1.000016
-27.931331 23.956072 147.336430 -78.688034 -17.646337 -29.738452 156.573833 0.147206 67.904515 15.250377 51.429164 100.644161 -63.285288 81.189513 74.474848 1.000018
-27.911769 23.806490 147.180423 -78.582436 -17.835237 -29.963559 156.576059 0.149587 67.904518 15.250376 51.429171 100.644137 -63.285287 81.189519 74.474856 1.000021
-27.879928 23.644209 147.044751 -78.440361 -18.014271 -30.234578 156.576718 0.152897 67.904512 15.250379 51.429178 100.644119 -63.285287 81.189531 74.474870 1.000024
-27.855570 23.509859 146.897592 -78.298373 -18.205255 -30.461522 156.576712 0.156310 67.904510 15.250379 51.429190 100.644103 -63.285285 81.189548 74.474883 1.000026
-27.826212 23.355986 146.780111 -78.144163 -18.397368 -30.715048 156.575531 0.159904 67.904512 15.250383 51.429201 100.644089 -63.285284 81.189566 74.474902 1.000028
-27.798546 23.203811 146.656141 -77.987075 -18.614768 -30.976081 156.578697 0.163601 67.904514 15.250383 51.429216 100.644069 -63.285287 81.189583 74.474920 1.000030
-27.772093 23.073185 146.562288 -77.843231 -18.807349 -31.216783 156.581414 0.168622 67.904516 15.250383 51.429228 100.644051 -63.285286 81.189601 74.474933 1.000031
-27.739518 22.948177 146.488697 -77.686067 -18.980904 -31.483592 156.578916 0.172618 67.904514 15.250392 51.429234 100.644031 -63.285285 81.189610 74.474950 1.000032
-27.715523 22.856191 146.408297 -77.540116 -19.122706 -31.714487 156.580983 0.176991 67.904507 15.250401 51.429238 100.644014 -63.285286 81.189622 74.474963 1.000033
-27.682971 22.756478 146.366610 -77.369584 -19.294810 -31.990236 156.580625 0.182691 67.904502 15.250411 51.429246 100.643995 -63.285287 81.189634 74.474979 1.000034
-27.656237 22.660981 146.334167 -77.220735 -19.448854 -32.236453 156.584446 0.187615 67.904499 15.250415 51.429257 100.643971 -63.285289 81.189642 74.474993 1.000034
-27.621642 22.577425 146.270998 -77.064613 -19.591850 -32.484508 156.590786 0.192571 67.904501 15.250422 51.429270 100.643956 -63.285292 81.189655 74.475007 1.000034
-27.585594 22.503092 146.255057 -76.914497 -19.719629 -32.717273 156.592930 0.198692 67.904492 15.250439 51.429275 100.643935 -63.285294 81.189667 74.475017 1.000033
-27.539359 22.432512 146.263340 -76.740900 -19.869073 -32.973658 156.595832 0.204889 67.904487 15.250457 51.429285 100.643925 -63.285297 81.189683 74.475035 1.000033
-27.495241 22.392550 146.248573 -76.588969 -19.992125 -33.182629 156.600356 0.210599 67.904478 15.250472 51.429292 100.643914 -63.285303 81.189692 74.475049 1.000032
-27.446685 22.333599 146.256445 -76.396334 -20.154612 -33.451585 156.601565 0.217052 67.904473 15.250489 51.429304 100.643903 -63.285307 81.189706 74.475063 1.000031
-27.389013 22.280509 146.255239 -76.210741 -20.288979 -33.704960 156.607194 0.223802 67.904463 15.250508 51.429310 100.643901 -63.285310 81.189726 74.475081 1.000030
-27.335919 22.234176 146.277921 -76.003186 -20.443853 -33.961148 156.608519 0.229726 67.904453 15.250528 51.429318 100.643898 -63.285311 81.189743 74.475096 1.000028
-27.276284 22.196274 146.327838 -75.811429 -20.586308 -34.239556 156.611033 0.236656 67.904444 15.250549 51.429326 100.643895 -63.285313 81.189762 74.475113 1.000028
-27.211550 22.156421 146.398779 -75.578227 -20.735512 -34.526323 156.611019 0.242638 67.904427 15.250578 51.429334 100.643898 -63.285316 81.189780 74.475130 1.000026
-27.144786 22.115123 146.455965 -75.349144 -20.890237 -34.800244 156.612450 0.250114 67.904409 15.250609 51.429338 100.643899 -63.285317 81.189799 74.475146 1.000025
-27.079086 22.097065 146.539132 -75.107899 -21.028050 -35.078984 156.615312 0.257253 67.904392 15.250635 51.429345 100.643903 -63.285318 81.189819 74.475161 1.000022
-27.009985 22.077910 146.608203 -74.901807 -21.164419 -35.338340 156.617838 0.264201 67.904375 15.250659 51.429350 100.643900 -63.285319 81.189839 74.475175 1.000022
-26.946909 22.064301 146.672111 -74.691101 -21.297326 -35.582651 156.619357 0.271767 67.904361 15.250683 51.429356 100.643904 -63.285319 81.189858 74.475192 1.000021
-26.869511 22.039125 146.756797 -74.446494 -21.442477 -35.873783 156.619061 0.278627 67.904349 15.250711 51.429365 100.643902 -63.285321 81.189881 74.475206 1.000019
-26.783774 22.012562 146.854835 -74.155113 -21.610824 -36.192104 156.618472 0.286478 67.904330 15.250738 51.429376 100.643910 -63.285324 81.189905 74.475225 1.000017
-26.699057 21.992281 146.952291 -73.908721 -21.760149 -36.488830 156.618347 0.295429 67.904315 15.250767 51.429383 100.643910 -63.285325 81.189929 74.475241 1.000016
-26.605910 21.965793 147.052596 -73.624346 -21.920795 -36.807790 156.619382 0.303480 67.904300 15.250793 51.429393 100.643913 -63.285326 81.189960 74.475251 1.000014
-26.516153 21.941274 147.162234 -73.357604 -22.067838 -37.119370 156.621247 0.311408 67.904282 15.250825 51.429400 100.643916 -63.285328 81.189988 74.475265 1.000013
-26.428707 21.917532 147.282219 -73.099447 -22.223415 -37.423724 156.621191 0.320090 67.904265 15.250859 51.429407 100.643920 -63.285329 81.190013 74.475284 1.000011
-26.343616 21.899395 147.420403 -72.846212 -22.363354 -37.725985 156.618842 0.328621 67.904243 15.250892 51.429408 100.643918 -63.285325 81.190035 74.475298 1.000009
-26.243857 21.881781 147.555750 -72.554325 -22.524202 -38.068205 156.617812 0.337320 67.904229 15.250927 51.429411 100.643926 -63.285326 81.190061 74.475312 1.000007
-26.141638 21.857377 147.722284 -72.251591 -22.701973 -38.418682 156.615981 0.346875 67.904210 15.250966 51.429419 100.643931 -63.285326 81.190086 74.475329 1.000004
-26.063427 21.846111 147.860587 -71.999919 -22.839169 -38.698833 156.616095 0.356021 67.904193 15.250997 51.429424 100.643935 -63.285327 81.190108 74.475344 1.000001
-25.965308 21.822582 147.997571 -71.721679 -22.981597 -39.029967 156.615434 0.365586 67.904176 15.251023 51.429425 100.643949 -63.285328 81.190132 74.475359 0.999999
-25.868526 21.814880 148.155429 -71.435598 -23.108522 -39.366159 156.612724 0.375756 67.904162 15.251056 51.429429 100.643960 -63.285330 81.190159 74.475371 0.999996
-25.780867 21.791149 148.302013 -71.151326 -23.259676 -39.693945 156.612604 0.384915 67.904152 15.251081 51.429436 100.643970 -63.285334 81.190184 74.475386 0.999993
-25.685731 21.768291 148.458398 -70.876500 -23.386698 -40.029335 156.610290 0.394821 67.904137 15.251113 51.429442 100.643983 -63.285338 81.190205 74.475400 0.999990
-25.590511 21.757581 148.638202 -70.582285 -23.512285 -40.378367 156.606630 0.405084 67.904120 15.251144 51.429448 100.643992 -63.285340 81.190223 74.475415 0.999987
-25.500598 21.724057 148.816642 -70.317609 -23.657713 -40.714431 156.602358 0.414944 67.904102 15.251175 51.429450 100.643997 -63.285343 81.190239 74.475425 0.999984
-25.418125 21.709127 148.983048 -70.068377 -23.775632 -41.011101 156.598300 0.425133 67.904092 15.251205 51.429455 100.643999 -63.285343 81.190259 74.475430 0.999982
-25.336377 21.700323 149.147322 -69.853797 -23.866753 -41.284523 156.594399 0.435331 67.904079 15.251233 51.429458 100.643996 -63.285344 81.190279 74.475440 0.999980
-25.259250 21.694648 149.300829 -69.623514 -23.960670 -41.574866 156.591229 0.446254 67.904067 15.251265 51.429465 100.643994 -63.285347 81.190298 74.475448 0.999978
-25.175056 21.704083 149.468908 -69.419637 -24.012279 -41.843221 156.589106 0.457016 67.904050 15.251294 51.429472 100.644000 -63.285349 81.190316 74.475457 0.999975
-25.095615 21.712237 149.637648 -69.241399 -24.065031 -42.092187 156.587428 0.466905 67.904038 15.251326 51.429483 100.644008 -63.285353 81.190326 74.475468 0.999973
-25.030059 21.714215 149.779801 -69.113464 -24.098447 -42.294709 156.589201 0.477271 67.904029 15.251358 51.429494 100.644017 -63.285359 81.190335 74.475476 0.999971
-24.951523 21.720120 149.942847 -68.933314 -24.159176 -42.540215 156.588168 0.487007 67.904020 15.251391 51.429509 100.644027 -63.285367 81.190346 74.475484 0.999969
-24.872078 21.730827 150.107542 -68.731405 -24.211076 -42.800084 156.583547 0.496205 67.904012 15.251422 51.429524 100.644040 -63.285371 81.190361 74.475499 0.999967
-24.806765 21.757557 150.258527 -68.586093 -24.203729 -43.006209 156.582893 0.505679 67.904002 15.251454 51.429535 100.644053 -63.285380 81.190368 74.475514 0.999964
-24.736404 21.764938 150.395169 -68.417512 -24.262235 -43.233309 156.583142 0.515746 67.904002 15.251482 51.429552 100.644060 -63.285387 81.190378 74.475523 0.999961
-24.670495 21.778459 150.516136 -68.294373 -24.266717 -43.388291 156.585013 0.526062 67.904009 15.251511 51.429569 100.644064 -63.285398 81.190384 74.475534 0.999958
-24.600729 21.803365 150.651163 -68.183428 -24.246816 -43.552386 156.587073 0.536154 67.904014 15.251534 51.429588 100.644065 -63.285407 81.190385 74.475543 0.999955
-24.535227 21.823022 150.780759 -68.029276 -24.249128 -43.724748 156.586510 0.545929 67.904014 15.251555 51.429608 100.644066 -63.285421 81.190387 74.475549 0.999952
-24.467452 21.863310 150.912409 -67.908322 -24.207623 -43.870610 156.590391 0.556295 67.904017 15.251581 51.429629 100.644071 -63.285430 81.190389 74.475560 0.999949
-24.392236 21.889347 151.041606 -67.773871 -24.175495 -44.049107 156.591261 0.565943 67.904024 15.251604 51.429652 100.644074 -63.285441 81.190390 74.475572 0.999946
-24.330110 21.914230 151.178034 -67.666304 -24.158523 -44.193360 156.588627 0.575338 67.904024 15.251634 51.429672 100.644075 -63.285451 81.190391 74.475581 0.999944
-24.272176 21.933253 151.301481 -67.587035 -24.122757 -44.332067 156.588464 0.583765 67.904026 15.251665 51.429693 100.644078 -63.285463 81.190393 74.475596 0.999940
-24.214854 21.961067 151.426734 -67.500030 -24.101663 -44.454759 156.585568 0.590735 67.904030 15.251691 51.429714 100.644087 -63.285469 81.190400 74.475606 0.999937
-24.155027 22.028480 151.558097 -67.425895 -24.036218 -44.550467 156.583346 0.599515 67.904030 15.251713 51.429731 100.644096 -63.285474 81.190407 74.475617 0.999933
-24.102546 22.074181 151.680732 -67.381562 -23.983482 -44.627968 156.581224 0.607472 67.904031 15.251739 51.429747 100.644099 -63.285481 81.190408 74.475626 0.999931
-24.070209 22.129826 151.809933 -67.365292 -23.908152 -44.659929 156.578509 0.614071 67.904033 15.251767 51.429765 100.644102 -63.285485 81.190414 74.475629 0.999928
-24.026218 22.207917 151.930285 -67.323373 -23.819954 -44.702453 156.577915 0.621206 67.904029 15.251792 51.429780 100.644106 -63.285489 81.190417 74.475632 0.999926
-23.990918 22.301689 152.056611 -67.316046 -23.718055 -44.704305 156.577367 0.627868 67.904019 15.251819 51.429788 100.644111 -63.285489 81.190416 74.475627 0.999923
-23.959713 22.383418 152.168510 -67.329545 -23.618526 -44.697248 156.575717 0.633320 67.904017 15.251847 51.429801 100.644115 -63.285490 81.190420 74.475624 0.999921
-23.927873 22.460568 152.278251 -67.356653 -23.528328 -44.678623 156.575672 0.637449 67.904014 15.251875 51.429808 100.644114 -63.285490 81.190419 74.475621 0.999919
-23.903923 22.543224 152.409102 -67.365186 -23.439853 -44.673498 156.571194 0.642625 67.904004 15.251905 51.429816 100.644122 -63.285489 81.190417 74.475623 0.999917
-23.859077 22.637828 152.562498 -67.279875 -23.392073 -44.723664 156.562858 0.646808 67.903985 15.251930 51.429819 100.644134 -63.285488 81.190419 74.475629 0.999914
-23.848321 22.738402 152.652027 -67.346274 -23.245510 -44.637347 156.568266 0.650229 67.903979 15.251953 51.429825 100.644135 -63.285488 81.190417 74.475629 0.999912
-23.831791 22.845608 152.744637 -67.396762 -23.096277 -44.580700 156.570551 0.655918 67.903971 15.251969 51.429834 100.644139 -63.285493 81.190413 74.475635 0.999909
-23.823038 22.954314 152.843088 -67.468657 -22.940319 -44.522028 156.571271 0.661555 67.903967 15.251982 51.429842 100.644136 -63.285497 81.190413 74.475640 0.999907
-23.824051 23.067404 152.921574 -67.569112 -22.768849 -44.389493 156.576354 0.665882 67.903963 15.251997 51.429853 100.644141 -63.285502 81.190411 74.475647 0.999905
-23.814701 23.180076 153.007747 -67.663147 -22.588516 -44.309872 156.581636 0.669892 67.903954 15.252016 51.429858 100.644151 -63.285504 81.190407 74.475650 0.999903
-23.817945 23.277044 153.094160 -67.815230 -22.407905 -44.177558 156.588750 0.676906 67.903955 15.252017 51.429872 100.644148 -63.285512 81.190399 74.475654 0.999900
-23.828791 23.384268 153.154261 -67.951701 -22.205305 -44.015369 156.595913 0.681736 67.903957 15.252013 51.429889 100.644142 -63.285517 81.190385 74.475654 0.999898
-23.872902 23.516438 153.217316 -68.176627 -22.001249 -43.739563 156.608941 0.685025 67.903952 15.252009 51.429895 100.644129 -63.285515 81.190374 74.475651 0.999895
-23.936966 23.652364 153.271869 -68.448459 -21.763781 -43.429118 156.621172 0.691761 67.903938 15.252005 51.429902 100.644110 -63.285506 81.190363 74.475641 0.999892
-23.980973 23.766570 153.339067 -68.737481 -21.560383 -43.136926 156.636111 0.695359 67.903921 15.252002 51.429900 100.644095 -63.285500 81.190354 74.475629 0.999889
-24.057656 23.882273 153.397435 -69.083605 -21.353540 -42.760086 156.653438 0.697438 67.903900 15.251995 51.429894 100.644071 -63.285488 81.190342 74.475609 0.999885
-24.160668 23.980628 153.453964 -69.469914 -21.127615 -42.348705 156.675177 0.701669 67.903891 15.251985 51.429888 100.644039 -63.285473 81.190327 74.475583 0.999883
-24.272403 24.124897 153.526596 -69.876733 -20.876983 -41.876053 156.701523 0.705258 67.903874 15.251972 51.429885 100.644020 -63.285458 81.190307 74.475554 0.999881
-24.385598 24.243070 153.578283 -70.305355 -20.642625 -41.405549 156.731861 0.705427 67.903861 15.251953 51.429865 100.644002 -63.285445 81.190282 74.475517 0.999878
-24.516761 24.375513 153.626737 -70.772674 -20.367116 -40.890108 156.765828 0.707687 67.903845 15.251933 51.429845 100.643980 -63.285429 81.190256 74.475478 0.999876
-24.647405 24.504067 153.673433 -71.239443 -20.119090 -40.362756 156.796386 0.710425 67.903839 15.251912 51.429831 100.643957 -63.285409 81.190228 74.475440 0.999874
-24.750522 24.642084 153.698374 -71.707017 -19.817740 -39.867839 156.822870 0.711096 67.903846 15.251887 51.429816 100.643934 -63.285394 81.190191 74.475396 0.999871
-24.876069 24.770042 153.711454 -72.187666 -19.545863 -39.341458 156.852346 0.712085 67.903849 15.251871 51.429808 100.643917 -63.285381 81.190160 74.475355 0.999868
-25.013305 24.897825 153.747822 -72.664159 -19.256206 -38.801172 156.884085 0.717406 67.903845 15.251851 51.429800 100.643886 -63.285362 81.190123 74.475312 0.999866
-25.134137 25.047150 153.728290 -73.132030 -18.922434 -38.207399 156.909535 0.720304 67.903848 15.251820 51.429794 100.643853 -63.285342 81.190098 74.475265 0.999864
-25.271931 25.190494 153.749885 -73.592618 -18.645730 -37.623424 156.941012 0.722749 67.903850 15.251783 51.429796 100.643801 -63.285323 81.190063 74.475220 0.999862
-25.428689 25.322976 153.786686 -74.087890 -18.327497 -37.028614 156.971462 0.727296 67.903844 15.251754 51.429789 100.643761 -63.285304 81.190024 74.475181 0.999860
-25.477063 25.357872 153.848623 -74.508695 -18.129074 -36.671332 156.990993 0.729673 67.903834 15.251729 51.429768 100.643733 -63.285294 81.189989 74.475126 0.999860
-25.491002 25.355439 153.927658 -74.680105 -18.021604 -36.523462 156.997131 0.730756 67.903834 15.251717 51.429766 100.643715 -63.285288 81.189982 74.475111 0.999856
-25.486123 25.386141 153.971070 -74.784748 -17.935894 -36.440934 157.001330 0.733824 67.903828 15.251719 51.429756 100.643718 -63.285285 81.189974 74.475104 0.999854
-25.474805 25.405863 154.004067 -74.886751 -17.853635 -36.380589 156.999566 0.736144 67.903831 15.251720 51.429747 100.643717 -63.285280 81.189965 74.475097 0.999853
-25.474542 25.405407 154.044936 -74.943883 -17.843741 -36.344986 157.003028 0.736539 67.903828 15.251719 51.429736 100.643713 -63.285279 81.189957 74.475093 0.999852
-25.469545 25.415199 154.086425 -75.008563 -17.822757 -36.291825 157.001935 0.739075 67.903825 15.251722 51.429726 100.643720 -63.285273 81.189960 74.475090 0.999850
-25.467481 25.417849 154.116121 -75.060963 -17.819143 -36.278779 156.996781 0.742265 67.903823 15.251722 51.429715 100.643725 -63.285268 81.189959 74.475087 0.999850
-25.469791 25.430507 154.163960 -75.121948 -17.799528 -36.221236 156.992660 0.741237 67.903824 15.251721 51.429705 100.643722 -63.285264 81.189951 74.475080 0.999849
-25.466831 25.445096 154.188957 -75.187648 -17.772329 -36.187288 156.987523 0.744277 67.903824 15.251718 51.429689 100.643722 -63.285257 81.189947 74.475077 0.999849
-25.468502 25.472985 154.227207 -75.247777 -17.733796 -36.123457 156.983338 0.744473 67.903823 15.251720 51.429680 100.643720 -63.285254 81.189947 74.475068 0.999848
-25.462419 25.489327 154.250662 -75.280093 -17.713920 -36.119387 156.977363 0.746543 67.903818 15.251721 51.429665 100.643713 -63.285247 81.189944 74.475058 0.999848
-25.462196 25.496720 154.271354 -75.295298 -17.686578 -36.116456 156.978392 0.747884 67.903820 15.251723 51.429662 100.643715 -63.285244 81.189948 74.475057 0.999848
-25.469458 25.516988 154.291835 -75.331403 -17.640024 -36.076258 156.976999 0.750751 67.903817 15.251727 51.429658 100.643716 -63.285239 81.189947 74.475055 0.999848
-25.471840 25.545052 154.344461 -75.394556 -17.560696 -36.016539 156.976848 0.751282 67.903812 15.251731 51.429647 100.643710 -63.285234 81.189940 74.475046 0.999848
-25.479192 25.562674 154.381147 -75.443220 -17.504270 -35.985074 156.971953 0.755197 67.903813 15.251735 51.429638 100.643703 -63.285228 81.189938 74.475040 0.999849
-25.478727 25.557567 154.417111 -75.483676 -17.491841 -35.977687 156.966552 0.757114 67.903812 15.251729 51.429632 100.643692 -63.285221 81.189935 74.475034 0.999849
-25.478189 25.549601 154.423564 -75.514675 -17.487205 -35.956334 156.960651 0.760047 67.903810 15.251724 51.429626 100.643694 -63.285216 81.189936 74.475034 0.999851
-25.484906 25.559925 154.458206 -75.571577 -17.437233 -35.913724 156.954185 0.763115 67.903810 15.251726 51.429614 100.643682 -63.285210 81.189929 74.475033 0.999851
-25.486664 25.558568 154.480226 -75.611347 -17.409882 -35.868404 156.953891 0.766544 67.903814 15.251729 51.429607 100.643671 -63.285205 81.189927 74.475028 0.999852
-25.487907 25.566612 154.531298 -75.646353 -17.380578 -35.836470 156.949352 0.769695 67.903811 15.251728 51.429604 100.643655 -63.285197 81.189927 74.475028 0.999852
-25.491273 25.554717 154.548098 -75.677011 -17.351632 -35.821217 156.946965 0.773650 67.903812 15.251732 51.429594 100.643641 -63.285190 81.189924 74.475024 0.999853
-25.487510 25.569752 154.602149 -75.710643 -17.307556 -35.790315 156.948600 0.776628 67.903811 15.251732 51.429594 100.643625 -63.285187 81.189921 74.475020 0.999853
-25.503754 25.579038 154.671778 -75.760089 -17.280680 -35.730586 156.942905 0.780632 67.903809 15.251730 51.429594 100.643600 -63.285179 81.189914 74.475015 0.999852
-25.518196 25.593973 154.712374 -75.784508 -17.260420 -35.672161 156.940405 0.783120 67.903809 15.251722 51.429594 100.643581 -63.285175 81.189913 74.475012 0.999853
-25.524636 25.604776 154.757966 -75.826427 -17.205824 -35.637517 156.936328 0.786414 67.903812 15.251719 51.429582 100.643555 -63.285165 81.189903 74.475004 0.999853
-25.540380 25.634680 154.834179 -75.891296 -17.157182 -35.558070 156.929403 0.790167 67.903819 15.251706 51.429578 100.643508 -63.285156 81.189889 74.474988 0.999853
-25.552978 25.643043 154.892763 -75.932245 -17.116568 -35.511474 156.926888 0.790530 67.903819 15.251699 51.429571 100.643470 -63.285147 81.189872 74.474975 0.999853
-25.565230 25.660187 154.961921 -76.006096 -17.064973 -35.441419 156.921246 0.792837 67.903820 15.251687 51.429561 100.643420 -63.285138 81.189852 74.474955 0.999853
-25.580586 25.682996 155.009724 -76.082454 -17.007451 -35.353134 156.917297 0.794414 67.903825 15.251678 51.429558 100.643385 -63.285133 81.189839 74.474944 0.999853
-25.591078 25.695448 155.088640 -76.140027 -16.967702 -35.298702 156.908697 0.796637 67.903828 15.251663 51.429548 100.643329 -63.285122 81.189820 74.474923 0.999852
-25.612257 25.733124 155.151579 -76.230373 -16.896144 -35.189574 156.900140 0.799647 67.903839 15.251648 51.429535 100.643274 -63.285112 81.189801 74.474901 0.999852
-25.629281 25.764379 155.221575 -76.307662 -16.848996 -35.091432 156.892655 0.800842 67.903845 15.251630 51.429522 100.643213 -63.285102 81.189777 74.474875 0.999852
-25.649929 25.791597 155.277992 -76.376834 -16.789420 -34.992870 156.885756 0.801030 67.903849 15.251615 51.429510 100.643166 -63.285092 81.189761 74.474854 0.999851
-25.673558 25.813210 155.336987 -76.445848 -16.738026 -34.906379 156.875639 0.801471 67.903852 15.251601 51.429494 100.643109 -63.285082 81.189738 74.474829 0.999851
-25.694917 25.837524 155.405229 -76.507875 -16.689926 -34.820780 156.869561 0.804273 67.903857 15.251590 51.429486 100.643054 -63.285074 81.189718 74.474811 0.999851
-25.723276 25.875078 155.471866 -76.573884 -16.652236 -34.726100 156.859077 0.805161 67.903860 15.251573 51.429471 100.642994 -63.285066 81.189699 74.474791 0.999850
-25.748044 25.907660 155.538671 -76.633778 -16.586779 -34.633917 156.848245 0.807358 67.903863 15.251559 51.429459 100.642945 -63.285057 81.189683 74.474772 0.999849
-25.774920 25.925890 155.622044 -76.692506 -16.552203 -34.547676 156.838056 0.808292 67.903870 15.251544 51.429446 100.642879 -63.285048 81.189658 74.474748 0.999849
-25.803475 25.984741 155.707594 -76.743598 -16.482919 -34.442761 156.830138 0.809496 67.903868 15.251529 51.429434 100.642832 -63.285041 81.189640 74.474727 0.999848
-25.829433 26.038590 155.784167 -76.821439 -16.398177 -34.327119 156.823176 0.811530 67.903876 15.251515 51.429423 100.642789 -63.285034 81.189621 74.474710 0.999848
-25.861129 26.088805 155.848638 -76.900667 -16.313595 -34.210163 156.816999 0.812686 67.903878 15.251500 51.429412 100.642742 -63.285028 81.189596 74.474687 0.999847
-25.881175 26.142092 155.927540 -76.953993 -16.242808 -34.110910 156.815013 0.813803 67.903882 15.251485 51.429406 100.642703 -63.285025 81.189587 74.474671 0.999846
-25.904247 26.161159 155.979722 -77.001948 -16.182902 -34.039512 156.807082 0.815159 67.903886 15.251473 51.429402 100.642661 -63.285020 81.189572 74.474654 0.999847
-25.928434 26.209605 156.063520 -77.065619 -16.108770 -33.926795 156.800112 0.813881 67.903889 15.251456 51.429394 100.642619 -63.285014 81.189554 74.474632 0.999845
-25.952264 26.264156 156.147095 -77.127882 -16.022040 -33.812043 156.794176 0.815104 67.903891 15.251442 51.429389 100.642581 -63.285010 81.189543 74.474619 0.999844
-25.976656 26.275716 156.214526 -77.177105 -15.992210 -33.729284 156.784693 0.815876 67.903897 15.251425 51.429383 100.642536 -63.285004 81.189528 74.474599 0.999844
-26.001691 26.352682 156.307237 -77.253239 -15.872435 -33.578566 156.779239 0.814356 67.903895 15.251413 51.429369 100.642497 -63.284997 81.189509 74.474575 0.999843
-26.028078 26.344031 156.330920 -77.283294 -15.873867 -33.526712 156.771091 0.809996 67.903902 15.251403 51.429362 100.642466 -63.284993 81.189494 74.474555 0.999843
-26.058467 26.385801 156.403769 -77.339887 -15.805082 -33.406283 156.762846 0.809030 67.903903 15.251391 51.429353 100.642432 -63.284987 81.189478 74.474537 0.999841
-26.088984 26.416165 156.452270 -77.408431 -15.759897 -33.291490 156.755308 0.806794 67.903906 15.251369 51.429346 100.642409 -63.284985 81.189466 74.474521 0.999841
-26.113412 26.449001 156.506734 -77.454638 -15.697074 -33.190607 156.747311 0.804881 67.903911 15.251355 51.429340 100.642381 -63.284981 81.189453 74.474503 0.999840
-26.145836 26.479270 156.537440 -77.520398 -15.634136 -33.067272 156.740610 0.801527 67.903915 15.251339 51.429333 100.642363 -63.284978 81.189441 74.474489 0.999840
-26.168146 26.523020 156.589548 -77.578315 -15.571497 -32.963615 156.737991 0.799698 67.903915 15.251327 51.429328 100.642332 -63.284974 81.189425 74.474470 0.999840
-26.188035 26.533679 156.596820 -77.618617 -15.536271 -32.890288 156.734726 0.793995 67.903924 15.251314 51.429323 100.642321 -63.284973 81.189416 74.474457 0.999839
-26.210824 26.578452 156.655407 -77.689291 -15.454549 -32.761232 156.726842 0.788854 67.903924 15.251301 51.429304 100.642291 -63.284966 81.189395 74.474431 0.999838
-26.235091 26.615742 156.713469 -77.738780 -15.402758 -32.658658 156.719724 0.784010 67.903925 15.251290 51.429292 100.642266 -63.284960 81.189379 74.474412 0.999837
-26.257615 26.630945 156.740947 -77.785254 -15.364218 -32.563860 156.713522 0.777302 67.903931 15.251269 51.429283 100.642244 -63.284957 81.189363 74.474391 0.999836
-26.278528 26.639209 156.759429 -77.834336 -15.337455 -32.471257 156.703017 0.771934 67.903939 15.251252 51.429277 100.642223 -63.284952 81.189355 74.474372 0.999835
-26.308047 26.677086 156.814426 -77.879102 -15.278401 -32.367193 156.697070 0.766043 67.903939 15.251234 51.429264 100.642193 -63.284947 81.189333 74.474345 0.999835
-26.335531 26.722880 156.863513 -77.932319 -15.218609 -32.232078 156.690618 0.760269 67.903941 15.251214 51.429258 100.642168 -63.284940 81.189316 74.474327 0.999833
-26.356408 26.740731 156.901408 -77.955967 -15.181526 -32.135771 156.682369 0.752245 67.903944 15.251201 51.429244 100.642148 -63.284934 81.189302 74.474302 0.999832
-26.386460 26.786708 156.979162 -77.989682 -15.109059 -32.016781 156.675950 0.747761 67.903945 15.251182 51.429237 100.642123 -63.284930 81.189288 74.474282 0.999830
-26.410657 26.782898 156.997410 -77.977513 -15.104967 -31.957660 156.666496 0.738984 67.903943 15.251168 51.429226 100.642114 -63.284924 81.189280 74.474262 0.999829
-26.430469 26.798080 157.034417 -78.017739 -15.059552 -31.862108 156.658371 0.730862 67.903945 15.251158 51.429218 100.642102 -63.284920 81.189264 74.474241 0.999828
-26.452427 26.787044 157.066972 -78.039427 -15.044219 -31.801485 156.646419 0.722257 67.903946 15.251137 51.429207 100.642082 -63.284916 81.189249 74.474222 0.999826
-26.482372 26.789985 157.101677 -78.058281 -15.011861 -31.717227 156.636807 0.716455 67.903947 15.251120 51.429199 100.642061 -63.284910 81.189233 74.474200 0.999826
-26.507421 26.822300 157.129390 -78.072840 -14.957909 -31.633167 156.630815 0.706512 67.903942 15.251108 51.429185 100.642054 -63.284905 81.189221 74.474177 0.999825
-26.532366 26.819913 157.143888 -78.078265 -14.945947 -31.575733 156.620322 0.700121 67.903943 15.251095 51.429179 100.642046 -63.284901 81.189210 74.474160 0.999825
-26.554740 26.816032 157.136545 -78.075073 -14.960385 -31.529623 156.607791 0.692379 67.903937 15.251081 51.429165 100.642040 -63.284895 81.189199 74.474138 0.999826
-26.577693 26.819907 157.147015 -78.068188 -14.958994 -31.479664 156.597381 0.684596 67.903934 15.251069 51.429154 100.642034 -63.284889 81.189187 74.474122 0.999827
-26.597221 26.797289 157.149164 -78.052018 -14.986245 -31.469723 156.585754 0.678958 67.903931 15.251052 51.429150 100.642026 -63.284885 81.189180 74.474106 0.999827
-26.613132 26.775391 157.145814 -78.042300 -15.006340 -31.458999 156.577620 0.672224 67.903933 15.251041 51.429139 100.642019 -63.284881 81.189171 74.474091 0.999829
-26.636276 26.776634 157.168515 -78.043139 -15.006796 -31.404794 156.564540 0.664555 67.903930 15.251027 51.429130 100.642008 -63.284877 81.189158 74.474072 0.999829
-26.661703 26.779451 157.193107 -78.044252 -15.011889 -31.354472 156.555501 0.659054 67.903926 15.251011 51.429120 100.641994 -63.284871 81.189149 74.474055 0.999829
-26.690612 26.778826 157.189456 -78.028980 -15.033633 -31.299644 156.543109 0.651106 67.903923 15.250993 51.429115 100.641999 -63.284866 81.189146 74.474041 0.999830
-26.718212 26.766003 157.170852 -78.019816 -15.075855 -31.259812 156.530786 0.644486 67.903922 15.250975 51.429113 100.641999 -63.284860 81.189142 74.474029 0.999831
-26.739306 26.766238 157.190618 -78.013945 -15.076123 -31.219353 156.520435 0.638891 67.903918 15.250962 51.429102 100.641988 -63.284851 81.189134 74.474010 0.999832
-26.764011 26.729972 157.152685 -78.005254 -15.124351 -31.201052 156.505697 0.631637 67.903922 15.250943 51.429096 100.641979 -63.284845 81.189119 74.473990 0.999834
-26.789226 26.694377 157.108715 -77.966775 -15.188955 -31.197562 156.492015 0.626070 67.903922 15.250922 51.429089 100.641978 -63.284839 81.189117 74.473976 0.999836
-26.805168 26.650377 157.089241 -77.950029 -15.229390 -31.209122 156.480062 0.620024 67.903927 15.250903 51.429080 100.641964 -63.284833 81.189110 74.473958 0.999838
-26.825993 26.610204 157.057422 -77.933887 -15.277492 -31.203550 156.469121 0.614189 67.903933 15.250882 51.429079 100.641955 -63.284828 81.189108 74.473945 0.999839
-26.846722 26.565222 157.038429 -77.902093 -15.340521 -31.194727 156.455286 0.609026 67.903936 15.250861 51.429075 100.641935 -63.284820 81.189101 74.473929 0.999842
-26.865369 26.534015 157.028073 -77.876672 -15.385383 -31.188525 156.444725 0.604599 67.903939 15.250850 51.429069 100.641923 -63.284814 81.189094 74.473915 0.999844
-26.887851 26.492327 157.006776 -77.857057 -15.423580 -31.187722 156.431303 0.600036 67.903942 15.250833 51.429066 100.641912 -63.284806 81.189090 74.473902 0.999845
-26.916460 26.479460 157.002047 -77.849551 -15.459832 -31.126240 156.420798 0.594950 67.903942 15.250814 51.429061 100.641899 -63.284800 81.189083 74.473884 0.999846
-26.935655 26.409792 156.961766 -77.816709 -15.532576 -31.143133 156.406687 0.590631 67.903948 15.250795 51.429058 100.641885 -63.284793 81.189077 74.473872 0.999848
-26.958002 26.377880 156.928048 -77.823523 -15.548199 -31.109778 156.398934 0.583694 67.903950 15.250776 51.429051 100.641874 -63.284787 81.189064 74.473855 0.999850
-26.975890 26.304852 156.881151 -77.809524 -15.612289 -31.131827 156.386948 0.579979 67.903958 15.250758 51.429050 100.641858 -63.284779 81.189053 74.473840 0.999851
-26.993259 26.240548 156.845470 -77.785655 -15.678370 -31.162469 156.374091 0.574842 67.903962 15.250740 51.429041 100.641845 -63.284773 81.189043 74.473822 0.999853
-27.018277 26.188458 156.794825 -77.779216 -15.721178 -31.148540 156.363796 0.569823 67.903970 15.250729 51.429037 100.641839 -63.284768 81.189032 74.473810 0.999854
-27.042395 26.108254 156.717181 -77.756695 -15.825168 -31.166881 156.353411 0.564671 67.903974 15.250707 51.429037 100.641836 -63.284763 81.189026 74.473797 0.999857
-27.066650 26.058122 156.660687 -77.752295 -15.878769 -31.150904 156.347131 0.559927 67.903980 15.250689 51.429037 100.641833 -63.284761 81.189017 74.473787 0.999859
-27.087902 25.988413 156.613886 -77.725593 -15.945386 -31.173495 156.338024 0.554731 67.903988 15.250672 51.429040 100.641824 -63.284757 81.189014 74.473777 0.999861
-27.108362 25.933228 156.574405 -77.704505 -16.006634 -31.160547 156.330007 0.549341 67.903990 15.250662 51.429044 100.641815 -63.284754 81.189008 74.473768 0.999863
-27.123698 25.872481 156.536508 -77.672351 -16.099252 -31.164542 156.322326 0.543859 67.903992 15.250652 51.429045 100.641814 -63.284753 81.188998 74.473759 0.999866
-27.148947 25.816585 156.505573 -77.656472 -16.155001 -31.160526 156.307974 0.539863 67.903995 15.250639 51.429043 100.641800 -63.284750 81.188989 74.473746 0.999868
-27.163689 25.753588 156.457004 -77.624122 -16.222226 -31.174523 156.299382 0.535337 67.903995 15.250628 51.429046 100.641789 -63.284748 81.188983 74.473738 0.999869
-27.171574 25.689800 156.410201 -77.604890 -16.293868 -31.199910 156.285629 0.530428 67.903997 15.250619 51.429045 100.641773 -63.284743 81.188979 74.473728 0.999871
-27.175082 25.614899 156.356209 -77.578209 -16.377342 -31.244536 156.278654 0.523289 67.904000 15.250613 51.429048 100.641766 -63.284742 81.188974 74.473717 0.999875
-27.184856 25.576048 156.333060 -77.549634 -16.435831 -31.238885 156.273832 0.518426 67.904001 15.250605 51.429048 100.641758 -63.284740 81.188966 74.473709 0.999875
-27.190519 25.486974 156.266748 -77.504441 -16.550504 -31.287808 156.264981 0.512881 67.904008 15.250592 51.429055 100.641750 -63.284740 81.188961 74.473700 0.999878
-27.202478 25.434514 156.236078 -77.496373 -16.606702 -31.280719 156.258121 0.506103 67.904010 15.250581 51.429051 100.641731 -63.284736 81.188946 74.473686 0.999880
-27.208470 25.362588 156.188482 -77.476923 -16.698246 -31.302183 156.253261 0.499335 67.904016 15.250567 51.429054 100.641715 -63.284736 81.188936 74.473678 0.999883
-27.210277 25.294971 156.132479 -77.456088 -16.771430 -31.329949 156.250249 0.493342 67.904020 15.250559 51.429063 100.641705 -63.284737 81.188932 74.473671 0.999885
-27.206602 25.244699 156.050378 -77.411096 -16.836259 -31.387202 156.244733 0.486560 67.904027 15.250552 51.429071 100.641708 -63.284739 81.188941 74.473665 0.999886
-27.202768 25.183811 155.983924 -77.400438 -16.897907 -31.411400 156.244234 0.481225 67.904029 15.250546 51.429076 100.641712 -63.284740 81.188940 74.473661 0.999887
-27.195852 25.106625 155.913399 -77.359215 -16.991377 -31.495918 156.239693 0.476524 67.904032 15.250547 51.429082 100.641711 -63.284744 81.188946 74.473661 0.999888
-27.187330 25.064795 155.890742 -77.318953 -17.057414 -31.538925 156.235755 0.471119 67.904036 15.250545 51.429085 100.641706 -63.284745 81.188951 74.473657 0.999890
-27.177232 24.981781 155.830457 -77.268910 -17.176359 -31.625544 156.228631 0.466287 67.904042 15.250542 51.429092 100.641697 -63.284746 81.188959 74.473654 0.999891
-27.175748 24.913498 155.776111 -77.213052 -17.280152 -31.697133 156.222443 0.462560 67.904052 15.250539 51.429100 100.641687 -63.284748 81.188965 74.473651 0.999892
-27.171098 24.867269 155.742550 -77.170281 -17.356513 -31.746328 156.219261 0.458717 67.904051 15.250543 51.429107 100.641680 -63.284750 81.188969 74.473646 0.999894
-27.161419 24.792669 155.657796 -77.116083 -17.464166 -31.821422 156.219799 0.454550 67.904055 15.250547 51.429108 100.641681 -63.284752 81.188972 74.473644 0.999897
-27.153977 24.734023 155.604876 -77.063647 -17.570673 -31.894871 156.220283 0.450537 67.904060 15.250554 51.429115 100.641687 -63.284755 81.188982 74.473642 0.999898
-27.145813 24.665233 155.544309 -76.983416 -17.695571 -31.979348 156.217652 0.448742 67.904059 15.250562 51.429121 100.641693 -63.284754 81.188994 74.473641 0.999900
-27.137602 24.609474 155.475906 -76.929297 -17.784860 -32.046706 156.215964 0.447024 67.904059 15.250569 51.429126 100.641696 -63.284757 81.189001 74.473644 0.999901
-27.134556 24.548711 155.449352 -76.862602 -17.896998 -32.141377 156.215601 0.445672 67.904062 15.250575 51.429131 100.641691 -63.284756 81.189006 74.473643 0.999902
-27.132279 24.486969 155.394869 -76.796206 -18.019156 -32.214955 156.211327 0.445352 67.904062 15.250582 51.429143 100.641690 -63.284756 81.189016 74.473643 0.999904
-27.124276 24.412746 155.318614 -76.696255 -18.168546 -32.331255 156.208796 0.445171 67.904066 15.250583 51.429155 100.641695 -63.284756 81.189027 74.473644 0.999906
-27.112511 24.342323 155.271501 -76.645501 -18.278245 -32.428592 156.206737 0.444736 67.904072 15.250584 51.429167 100.641688 -63.284758 81.189032 74.473647 0.999909
-27.103911 24.286405 155.213714 -76.608404 -18.360042 -32.504678 156.207582 0.443847 67.904076 15.250585 51.429174 100.641683 -63.284758 81.189032 74.473649 0.999911
-27.104215 24.241409 155.164801 -76.558384 -18.443517 -32.562340 156.208257 0.444115 67.904079 15.250585 51.429181 100.641678 -63.284757 81.189036 74.473652 0.999913
-27.095174 24.192717 155.106884 -76.519361 -18.532869 -32.636708 156.209154 0.445494 67.904081 15.250592 51.429186 100.641671 -63.284753 81.189039 74.473655 0.999914
-27.089866 24.138284 155.045150 -76.488794 -18.617357 -32.701627 156.212480 0.445187 67.904079 15.250595 51.429187 100.641665 -63.284752 81.189038 74.473659 0.999917
-27.082927 24.078856 154.995303 -76.439396 -18.720187 -32.789548 156.214250 0.446140 67.904079 15.250602 51.429188 100.641658 -63.284749 81.189042 74.473664 0.999919
-27.079229 24.014943 154.925297 -76.407267 -18.819658 -32.859854 156.216310 0.446188 67.904082 15.250607 51.429192 100.641651 -63.284747 81.189045 74.473666 0.999921
-27.063619 23.943329 154.866821 -76.340371 -18.936504 -32.993112 156.215609 0.447054 67.904081 15.250616 51.429196 100.641647 -63.284744 81.189051 74.473671 0.999923
-27.052084 23.873047 154.808951 -76.283009 -19.072326 -33.101939 156.216751 0.447903 67.904081 15.250622 51.429199 100.641639 -63.284741 81.189059 74.473676 0.999926
-27.051719 23.796640 154.746656 -76.248123 -19.180017 -33.183932 156.218509 0.448686 67.904083 15.250634 51.429200 100.641631 -63.284738 81.189061 74.473682 0.999929
-27.039421 23.736069 154.713324 -76.197787 -19.287231 -33.285996 156.215301 0.449447 67.904085 15.250641 51.429200 100.641619 -63.284736 81.189068 74.473683 0.999930
-27.029341 23.662656 154.648345 -76.122493 -19.412245 -33.403327 156.216297 0.450842 67.904080 15.250653 51.429200 100.641614 -63.284733 81.189073 74.473684 0.999933
-27.016994 23.574076 154.575527 -76.047912 -19.560139 -33.529553 156.219169 0.452370 67.904083 15.250660 51.429204 100.641609 -63.284732 81.189084 74.473691 0.999937
-27.010911 23.521455 154.518726 -75.991076 -19.648865 -33.607902 156.222423 0.454977 67.904084 15.250667 51.429208 100.641609 -63.284728 81.189092 74.473697 0.999938
-26.999598 23.450140 154.456035 -75.934597 -19.770861 -33.731061 156.223333 0.457125 67.904083 15.250678 51.429209 100.641605 -63.284729 81.189098 74.473705 0.999942
-26.979319 23.369177 154.383510 -75.883557 -19.876230 -33.842830 156.229458 0.460151 67.904087 15.250684 51.429212 100.641606 -63.284730 81.189109 74.473712 0.999945
-26.959447 23.291316 154.309663 -75.822508 -20.018533 -33.961324 156.232200 0.461289 67.904090 15.250691 51.429215 100.641604 -63.284730 81.189115 74.473718 0.999948
-26.946659 23.227451 154.246617 -75.768446 -20.113770 -34.076028 156.235858 0.463988 67.904090 15.250696 51.429212 100.641598 -63.284731 81.189120 74.473724 0.999952
-26.938159 23.170836 154.221219 -75.704259 -20.230552 -34.182183 156.242110 0.467063 67.904088 15.250705 51.429214 100.641590 -63.284731 81.189126 74.473731 0.999954
-26.919112 23.108257 154.164120 -75.624207 -20.356436 -34.303344 156.245495 0.469904 67.904082 15.250721 51.429211 100.641588 -63.284732 81.189132 74.473738 0.999957
-26.912499 23.054844 154.118189 -75.574229 -20.447543 -34.389513 156.250586 0.473710 67.904087 15.250728 51.429216 100.641582 -63.284731 81.189141 74.473746 0.999958
-26.907256 23.013369 154.097130 -75.511896 -20.535685 -34.465230 156.257402 0.476978 67.904079 15.250737 51.429215 100.641568 -63.284731 81.189144 74.473756 0.999959
-26.898491 22.966466 154.078727 -75.441395 -20.637624 -34.560788 156.260175 0.480530 67.904076 15.250753 51.429216 100.641566 -63.284731 81.189154 74.473767 0.999960
-26.883404 22.912151 154.064075 -75.366071 -20.745935 -34.665394 156.266458 0.484143 67.904074 15.250763 51.429220 100.641562 -63.284731 81.189163 74.473775 0.999962
-26.868432 22.865883 154.045583 -75.272507 -20.865418 -34.768187 156.269943 0.487439 67.904064 15.250785 51.429219 100.641562 -63.284729 81.189168 74.473782 0.999963
-26.859713 22.834443 154.035841 -75.190412 -20.956743 -34.862115 156.273070 0.491052 67.904060 15.250799 51.429222 100.641560 -63.284729 81.189177 74.473793 0.999965
-26.844628 22.803080 154.022091 -75.106788 -21.050195 -34.954688 156.279812 0.493717 67.904052 15.250813 51.429225 100.641559 -63.284730 81.189184 74.473802 0.999966
-26.830785 22.784430 154.011491 -75.029640 -21.140130 -35.035928 156.285271 0.496328 67.904043 15.250829 51.429226 100.641558 -63.284730 81.189191 74.473807 0.999967
-26.816653 22.772718 154.049769 -74.925676 -21.208306 -35.132490 156.286941 0.499604 67.904036 15.250843 51.429231 100.641553 -63.284728 81.189200 74.473814 0.999967
-26.794387 22.752205 154.052687 -74.835153 -21.299000 -35.235035 156.294762 0.503139 67.904031 15.250856 51.429235 100.641550 -63.284727 81.189215 74.473819 0.999967
-26.779727 22.732943 154.057256 -74.738307 -21.400262 -35.322879 156.299582 0.505755 67.904029 15.250867 51.429242 100.641545 -63.284727 81.189227 74.473823 0.999967
-26.759069 22.719061 154.104995 -74.629040 -21.480434 -35.437432 156.299361 0.508197 67.904021 15.250885 51.429245 100.641533 -63.284723 81.189239 74.473824 0.999968
-26.747344 22.718097 154.128053 -74.543768 -21.546413 -35.505146 156.306479 0.511683 67.904015 15.250900 51.429247 100.641525 -63.284721 81.189251 74.473824 0.999968
-26.734155 22.703088 154.180095 -74.451960 -21.607567 -35.586098 156.311409 0.514621 67.904006 15.250916 51.429249 100.641515 -63.284719 81.189262 74.473830 0.999968
-26.722130 22.699559 154.233841 -74.378309 -21.663487 -35.647290 156.317587 0.518321 67.904000 15.250935 51.429251 100.641504 -63.284719 81.189272 74.473836 0.999968
-26.714393 22.689070 154.277315 -74.290906 -21.728581 -35.712187 156.321836 0.521459 67.903995 15.250949 51.429258 100.641498 -63.284718 81.189288 74.473841 0.999967
-26.702066 22.695667 154.356266 -74.188122 -21.799869 -35.787000 156.322647 0.524753 67.903988 15.250966 51.429265 100.641481 -63.284715 81.189302 74.473846 0.999966
-26.681626 22.697807 154.428536 -74.112513 -21.850263 -35.861077 156.329984 0.528332 67.903985 15.250976 51.429276 100.641471 -63.284716 81.189318 74.473853 0.999965
-26.663313 22.693868 154.499026 -74.044494 -21.896580 -35.929627 156.334968 0.532699 67.903978 15.250993 51.429285 100.641464 -63.284718 81.189331 74.473861 0.999964
-26.653522 22.708067 154.584998 -73.961156 -21.959663 -35.973817 156.338434 0.536787 67.903974 15.251010 51.429292 100.641455 -63.284717 81.189342 74.473864 0.999963
-26.639791 22.708846 154.672696 -73.903348 -22.008730 -36.033897 156.343650 0.541465 67.903965 15.251038 51.429299 100.641447 -63.284717 81.189351 74.473872 0.999961
-26.640088 22.733215 154.764860 -73.873583 -22.017780 -36.037223 156.348635 0.544768 67.903958 15.251058 51.429302 100.641437 -63.284715 81.189355 74.473877 0.999959
-26.642635 22.753626 154.828409 -73.855116 -22.021741 -36.020707 156.353161 0.549909 67.903951 15.251082 51.429306 100.641433 -63.284716 81.189358 74.473884 0.999958
-26.635550 22.760709 154.935538 -73.833675 -22.033495 -36.039095 156.358197 0.554306 67.903944 15.251106 51.429310 100.641419 -63.284714 81.189365 74.473891 0.999956
-26.631339 22.785767 155.001128 -73.852706 -22.014856 -36.031701 156.365648 0.558732 67.903937 15.251129 51.429314 100.641415 -63.284715 81.189369 74.473899 0.999955
-26.635141 22.812086 155.064163 -73.859001 -21.994656 -36.006779 156.371629 0.563579 67.903934 15.251145 51.429318 100.641413 -63.284713 81.189373 74.473910 0.999953
-26.629094 22.822897 155.150197 -73.822829 -22.014154 -36.031901 156.375801 0.567700 67.903929 15.251162 51.429328 100.641406 -63.284714 81.189382 74.473922 0.999951
-26.627528 22.843235 155.214408 -73.806694 -22.011704 -36.036418 156.379047 0.571492 67.903925 15.251178 51.429336 100.641403 -63.284713 81.189389 74.473929 0.999949
-26.628922 22.875158 155.279325 -73.821185 -21.979232 -36.018780 156.384309 0.576215 67.903925 15.251196 51.429342 100.641400 -63.284713 81.189393 74.473936 0.999947
-26.632153 22.908755 155.365065 -73.820285 -21.947265 -35.997997 156.386395 0.581037 67.903921 15.251212 51.429345 100.641382 -63.284712 81.189393 74.473941 0.999945
-26.630917 22.921034 155.405178 -73.852050 -21.910185 -35.980321 156.391742 0.585264 67.903918 15.251231 51.429346 100.641381 -63.284714 81.189397 74.473951 0.999943
-26.629194 22.936560 155.462036 -73.868752 -21.875681 -35.951281 156.395814 0.590043 67.903920 15.251245 51.429354 100.641384 -63.284715 81.189402 74.473959 0.999941
-26.631127 22.959692 155.525297 -73.892825 -21.825054 -35.927853 156.399803 0.595560 67.903919 15.251263 51.429360 100.641380 -63.284716 81.189399 74.473963 0.999939
-26.628740 22.967867 155.590098 -73.892392 -21.819234 -35.929921 156.401217 0.600180 67.903921 15.251280 51.429367 100.641378 -63.284719 81.189401 74.473973 0.999937
-26.628219 22.995906 155.670065 -73.898699 -21.796210 -35.907851 156.405060 0.605676 67.903922 15.251297 51.429375 100.641374 -63.284720 81.189406 74.473981 0.999935
-26.634151 23.023335 155.740188 -73.939143 -21.734227 -35.876650 156.408903 0.611066 67.903920 15.251315 51.429378 100.641362 -63.284721 81.189401 74.473984 0.999931
-26.645054 23.039139 155.801053 -73.993973 -21.691009 -35.821645 156.411507 0.616197 67.903921 15.251335 51.429382 100.641358 -63.284721 81.189397 74.473990 0.999929
-26.655370 23.068017 155.856130 -74.050226 -21.627386 -35.758427 156.417243 0.620709 67.903923 15.251352 51.429386 100.641357 -63.284724 81.189394 74.473994 0.999926
-26.655285 23.087188 155.923201 -74.100477 -21.583984 -35.726717 156.419847 0.624558 67.903922 15.251372 51.429394 100.641357 -63.284726 81.189393 74.474002 0.999924
-26.654766 23.100302 155.971029 -74.133460 -21.537560 -35.703854 156.423062 0.629569 67.903925 15.251387 51.429401 100.641352 -63.284726 81.189396 74.474007 0.999921
-26.651866 23.117530 156.037493 -74.177478 -21.496376 -35.676770 156.425532 0.634941 67.903927 15.251410 51.429402 100.641349 -63.284729 81.189396 74.474011 0.999918
-26.653781 23.127742 156.091128 -74.232429 -21.454378 -35.642683 156.429931 0.638811 67.903924 15.251430 51.429406 100.641349 -63.284730 81.189391 74.474018 0.999915
-26.657353 23.145869 156.138052 -74.269891 -21.427780 -35.591386 156.430841 0.642317 67.903927 15.251442 51.429410 100.641347 -63.284730 81.189393 74.474020 0.999914
-26.660020 23.171262 156.205673 -74.321510 -21.367364 -35.543639 156.435222 0.647143 67.903931 15.251452 51.429416 100.641334 -63.284731 81.189393 74.474026 0.999912
-26.670198 23.173659 156.243910 -74.358713 -21.346769 -35.501829 156.438224 0.651195 67.903937 15.251460 51.429424 100.641325 -63.284734 81.189399 74.474034 0.999910
-26.683419 23.200149 156.298656 -74.399701 -21.292938 -35.443832 156.440308 0.655361 67.903940 15.251470 51.429430 100.641317 -63.284736 81.189402 74.474039 0.999908
-26.691861 23.211013 156.360323 -74.449200 -21.251139 -35.400939 156.442693 0.660139 67.903946 15.251476 51.429439 100.641308 -63.284739 81.189400 74.474047 0.999906
-26.708417 23.227564 156.404210 -74.507899 -21.190030 -35.347084 156.446780 0.664340 67.903950 15.251490 51.429446 100.641303 -63.284742 81.189399 74.474058 0.999905
-26.726914 23.247032 156.472299 -74.570084 -21.143244 -35.279004 156.447863 0.668242 67.903954 15.251504 51.429459 100.641302 -63.284743 81.189402 74.474064 0.999902
-26.751927 23.294644 156.547562 -74.588074 -21.082483 -35.209456 156.450232 0.672499 67.903952 15.251514 51.429466 100.641299 -63.284747 81.189406 74.474076 0.999900
-26.769273 23.319466 156.619984 -74.580605 -21.075558 -35.182897 156.450999 0.677446 67.903955 15.251516 51.429484 100.641292 -63.284749 81.189413 74.474089 0.999896
-26.787745 23.359965 156.656448 -74.596768 -21.023375 -35.140083 156.452201 0.682890 67.903958 15.251515 51.429497 100.641289 -63.284751 81.189414 74.474096 0.999894
-26.801976 23.394894 156.719006 -74.623214 -20.975577 -35.081420 156.455457 0.687129 67.903961 15.251522 51.429506 100.641274 -63.284753 81.189414 74.474101 0.999891
-26.816302 23.416045 156.766583 -74.653057 -20.946724 -35.047739 156.455906 0.692848 67.903970 15.251522 51.429518 100.641265 -63.284753 81.189419 74.474110 0.999889
-26.829794 23.454207 156.811888 -74.674568 -20.914984 -35.012578 156.455126 0.697501 67.903972 15.251523 51.429528 100.641253 -63.284755 81.189423 74.474117 0.999887
-26.836630 23.510014 156.837305 -74.719365 -20.850331 -34.950982 156.460740 0.701751 67.903972 15.251520 51.429530 100.641248 -63.284757 81.189424 74.474121 0.999885
-26.854795 23.537906 156.868351 -74.751845 -20.831122 -34.917648 156.461589 0.704777 67.903977 15.251512 51.429540 100.641240 -63.284759 81.189429 74.474121 0.999885
-26.870248 23.581414 156.905904 -74.792592 -20.776331 -34.871679 156.465229 0.708910 67.903981 15.251505 51.429546 100.641225 -63.284760 81.189429 74.474120 0.999884
-26.884613 23.625573 156.949793 -74.851573 -20.720436 -34.796224 156.466515 0.712489 67.903980 15.251505 51.429550 100.641214 -63.284760 81.189427 74.474121 0.999881
-26.901620 23.663557 156.964927 -74.894842 -20.666491 -34.720318 156.469907 0.715837 67.903982 15.251502 51.429556 100.641215 -63.284761 81.189425 74.474125 0.999880
-26.911414 23.708288 157.003242 -74.922991 -20.618960 -34.669952 156.472889 0.718294 67.903983 15.251500 51.429559 100.641215 -63.284763 81.189424 74.474129 0.999879
-26.912538 23.732531 157.021429 -74.954674 -20.587316 -34.646522 156.472884 0.719529 67.903984 15.251495 51.429562 100.641215 -63.284764 81.189425 74.474133 0.999878
-26.927293 23.772126 157.062215 -75.012574 -20.523652 -34.568903 156.473773 0.722508 67.903983 15.251496 51.429561 100.641212 -63.284763 81.189421 74.474137 0.999876
-26.937814 23.815232 157.108742 -75.062262 -20.461110 -34.482377 156.474948 0.724519 67.903984 15.251491 51.429564 100.641208 -63.284764 81.189418 74.474141 0.999874
-26.941612 23.845137 157.126342 -75.095343 -20.433963 -34.450943 156.476781 0.725188 67.903984 15.251491 51.429563 100.641209 -63.284767 81.189417 74.474143 0.999875
-26.954051 23.875507 157.173597 -75.173552 -20.369059 -34.364074 156.480736 0.726282 67.903980 15.251492 51.429560 100.641205 -63.284766 81.189407 74.474145 0.999873
-26.957058 23.919843 157.200694 -75.221113 -20.312575 -34.308646 156.478929 0.727511 67.903982 15.251490 51.429557 100.641204 -63.284764 81.189404 74.474143 0.999872
-26.968677 23.939851 157.224005 -75.262469 -20.281843 -34.248385 156.478646 0.729622 67.903985 15.251486 51.429560 100.641201 -63.284764 81.189403 74.474146 0.999871
-26.976927 23.980476 157.254729 -75.336649 -20.213652 -34.165853 156.482633 0.730877 67.903982 15.251483 51.429555 100.641204 -63.284762 81.189397 74.474147 0.999870
-26.985649 24.025742 157.286399 -75.411263 -20.131033 -34.071588 156.480764 0.731683 67.903981 15.251480 51.429549 100.641209 -63.284763 81.189392 74.474150 0.999868
-26.993975 24.050574 157.309689 -75.490376 -20.085009 -33.999428 156.479795 0.733435 67.903987 15.251471 51.429550 100.641216 -63.284761 81.189393 74.474154 0.999868
-26.993924 24.091418 157.335189 -75.536127 -20.007035 -33.952373 156.477942 0.736031 67.903986 15.251474 51.429543 100.641217 -63.284760 81.189394 74.474156 0.999868
-27.002123 24.140573 157.370765 -75.619254 -19.920837 -33.854418 156.479580 0.736997 67.903986 15.251471 51.429536 100.641223 -63.284759 81.189388 74.474159 0.999867
-27.006602 24.175526 157.411877 -75.681299 -19.839849 -33.785077 156.479909 0.738230 67.903984 15.251472 51.429532 100.641225 -63.284759 81.189387 74.474162 0.999866
-27.013543 24.219419 157.443921 -75.722390 -19.783303 -33.735613 156.474959 0.740962 67.903987 15.251467 51.429531 100.641226 -63.284759 81.189390 74.474165 0.999866
-27.016908 24.272124 157.454540 -75.770809 -19.713179 -33.666872 156.477620 0.742208 67.903983 15.251469 51.429522 100.641231 -63.284758 81.189389 74.474167 0.999866
-27.021240 24.303641 157.464728 -75.814423 -19.658813 -33.617498 156.479548 0.742521 67.903979 15.251465 51.429517 100.641239 -63.284759 81.189382 74.474168 0.999866
-27.021955 24.346466 157.505636 -75.866319 -19.597927 -33.558965 156.479582 0.744305 67.903972 15.251466 51.429510 100.641238 -63.284757 81.189380 74.474169 0.999866
-27.021079 24.384941 157.537538 -75.943105 -19.527754 -33.490747 156.481957 0.745196 67.903968 15.251460 51.429499 100.641239 -63.284756 81.189371 74.474173 0.999865
-27.025614 24.409353 157.562491 -76.009217 -19.472408 -33.439868 156.478690 0.748647 67.903967 15.251461 51.429493 100.641238 -63.284753 81.189367 74.474177 0.999864
-27.029935 24.457475 157.615972 -76.085620 -19.394183 -33.350055 156.476845 0.747575 67.903966 15.251458 51.429485 100.641237 -63.284750 81.189356 74.474175 0.999864
-27.028164 24.497603 157.653273 -76.128743 -19.343257 -33.306816 156.475866 0.750236 67.903961 15.251463 51.429483 100.641244 -63.284750 81.189357 74.474177 0.999864
-27.033921 24.545724 157.691732 -76.207048 -19.264907 -33.219654 156.473806 0.752514 67.903958 15.251461 51.429473 100.641249 -63.284747 81.189351 74.474178 0.999863
-27.030667 24.570896 157.706671 -76.262155 -19.211671 -33.165399 156.476742 0.751047 67.903958 15.251461 51.429464 100.641250 -63.284748 81.189342 74.474178 0.999863
-27.033057 24.588067 157.711886 -76.309890 -19.181675 -33.128922 156.475119 0.752792 67.903956 15.251463 51.429456 100.641257 -63.284747 81.189340 74.474178 0.999863
-27.037593 24.626613 157.750237 -76.362374 -19.115431 -33.057969 156.475458 0.752338 67.903953 15.251463 51.429447 100.641261 -63.284746 81.189336 74.474178 0.999862
-27.040731 24.674075 157.749086 -76.409006 -19.063594 -32.988997 156.475029 0.752071 67.903951 15.251460 51.429441 100.641277 -63.284745 81.189334 74.474177 0.999862
-27.042717 24.685886 157.756749 -76.427819 -19.064903 -32.956008 156.473213 0.750998 67.903953 15.251457 51.429438 100.641288 -63.284747 81.189335 74.474172 0.999863
-27.036794 24.697567 157.766538 -76.457095 -19.050612 -32.931670 156.470322 0.749437 67.903949 15.251458 51.429429 100.641298 -63.284745 81.189333 74.474168 0.999864
-27.037852 24.734986 157.772506 -76.491097 -19.005179 -32.882979 156.469967 0.749664 67.903943 15.251459 51.429422 100.641308 -63.284745 81.189331 74.474167 0.999864
-27.042681 24.753285 157.759687 -76.516511 -18.990692 -32.838886 156.467302 0.748400 67.903944 15.251456 51.429419 100.641320 -63.284747 81.189335 74.474167 0.999865
-27.050567 24.757567 157.751539 -76.529203 -18.999989 -32.807921 156.465805 0.747218 67.903946 15.251451 51.429413 100.641327 -63.284747 81.189336 74.474166 0.999865
-27.066681 24.780059 157.755663 -76.548812 -18.990079 -32.748815 156.466232 0.747794 67.903944 15.251452 51.429412 100.641331 -63.284747 81.189335 74.474169 0.999866
-27.075636 24.811876 157.787891 -76.576002 -18.952358 -32.690489 156.468277 0.746407 67.903936 15.251454 51.429405 100.641342 -63.284746 81.189332 74.474171 0.999865
-27.088947 24.836679 157.827658 -76.594965 -18.932089 -32.640123 156.464235 0.747127 67.903935 15.251456 51.429406 100.641345 -63.284746 81.189334 74.474171 0.999864
-27.099867 24.859697 157.873935 -76.617636 -18.903801 -32.584676 156.459828 0.746825 67.903932 15.251455 51.429401 100.641343 -63.284744 81.189330 74.474170 0.999863
-27.107911 24.865007 157.881257 -76.628334 -18.900855 -32.545373 156.456234 0.746846 67.903932 15.251449 51.429397 100.641344 -63.284742 81.189328 74.474169 0.999863
-27.123910 24.915471 157.929717 -76.674440 -18.842341 -32.456331 156.459013 0.744847 67.903925 15.251456 51.429389 100.641340 -63.284741 81.189322 74.474167 0.999863
-27.130688 24.931694 157.946764 -76.720203 -18.807218 -32.398469 156.455404 0.745106 67.903926 15.251453 51.429385 100.641337 -63.284740 81.189319 74.474167 0.999863
-27.133635 24.944095 157.954468 -76.753488 -18.790978 -32.352258 156.451366 0.744899 67.903929 15.251454 51.429380 100.641338 -63.284739 81.189319 74.474167 0.999864
-27.139702 24.964513 157.990706 -76.769648 -18.775586 -32.327250 156.448603 0.744390 67.903927 15.251457 51.429377 100.641336 -63.284738 81.189321 74.474166 0.999863
-27.149972 24.979764 157.999060 -76.789575 -18.762367 -32.278740 156.446801 0.745009 67.903926 15.251460 51.429376 100.641342 -63.284740 81.189326 74.474167 0.999863
-27.160110 25.017942 158.039267 -76.805604 -18.733669 -32.210612 156.446282 0.742266 67.903919 15.251462 51.429372 100.641336 -63.284742 81.189321 74.474162 0.999863
-27.172575 25.031765 158.073852 -76.812883 -18.729030 -32.164495 156.447029 0.741441 67.903915 15.251468 51.429372 100.641336 -63.284741 81.189323 74.474165 0.999863
-27.172348 25.043697 158.053913 -76.825531 -18.714143 -32.154326 156.448059 0.741790 67.903914 15.251473 51.429367 100.641339 -63.284741 81.189326 74.474167 0.999863
-27.189958 25.076935 158.098551 -76.850319 -18.699115 -32.069597 156.446412 0.739488 67.903910 15.251476 51.429365 100.641338 -63.284741 81.189327 74.474167 0.999863
-27.203700 25.085903 158.115328 -76.881796 -18.680206 -32.027304 156.446051 0.740205 67.903910 15.251479 51.429363 100.641332 -63.284740 81.189323 74.474167 0.999863
-27.223873 25.108731 158.142079 -76.899218 -18.659726 -31.964859 156.443596 0.741670 67.903910 15.251484 51.429360 100.641327 -63.284736 81.189325 74.474168 0.999863
-27.235418 25.126916 158.158213 -76.914074 -18.633616 -31.927038 156.444227 0.740987 67.903907 15.251488 51.429359 100.641321 -63.284738 81.189325 74.474165 0.999863
-27.257848 25.133004 158.157158 -76.931249 -18.641123 -31.856760 156.441406 0.742226 67.903912 15.251488 51.429362 100.641321 -63.284736 81.189331 74.474168 0.999863
-27.272340 25.154572 158.194658 -76.928008 -18.635772 -31.809243 156.439133 0.742839 67.903912 15.251492 51.429364 100.641312 -63.284735 81.189335 74.474170 0.999864
-27.279887 25.159660 158.192868 -76.936718 -18.633271 -31.793851 156.437437 0.743972 67.903910 15.251501 51.429363 100.641315 -63.284733 81.189342 74.474171 0.999864
-27.301498 25.159923 158.190200 -76.939970 -18.640890 -31.744173 156.436609 0.742104 67.903913 15.251505 51.429363 100.641312 -63.284732 81.189345 74.474175 0.999864
-27.314247 25.188559 158.215520 -76.956202 -18.593951 -31.695286 156.437043 0.740888 67.903909 15.251508 51.429360 100.641303 -63.284730 81.189339 74.474172 0.999863
-27.323041 25.201445 158.217736 -76.957679 -18.590769 -31.658068 156.436792 0.738988 67.903908 15.251508 51.429360 100.641302 -63.284731 81.189341 74.474171 0.999864
-27.339033 25.197513 158.237579 -76.957842 -18.598773 -31.634307 156.433670 0.740114 67.903907 15.251509 51.429362 100.641283 -63.284730 81.189343 74.474171 0.999864
-27.355163 25.210446 158.229167 -76.957111 -18.598718 -31.594632 156.429952 0.738839 67.903909 15.251506 51.429362 100.641275 -63.284729 81.189342 74.474170 0.999865
-27.377595 25.237354 158.272298 -76.974560 -18.576944 -31.520288 156.428049 0.738489 67.903907 15.251507 51.429355 100.641254 -63.284726 81.189335 74.474167 0.999866
-27.393139 25.256650 158.310558 -76.977942 -18.571257 -31.465477 156.423712 0.737393 67.903909 15.251504 51.429352 100.641230 -63.284723 81.189332 74.474164 0.999866
-27.414020 25.283272 158.336176 -77.000675 -18.541079 -31.392734 156.421949 0.734210 67.903908 15.251503 51.429348 100.641214 -63.284720 81.189326 74.474159 0.999865
-27.438979 25.306756 158.387379 -77.000193 -18.538935 -31.325965 156.416178 0.734692 67.903910 15.251497 51.429347 100.641196 -63.284715 81.189328 74.474159 0.999865
-27.459720 25.313929 158.391837 -77.001648 -18.550477 -31.276661 156.411772 0.731445 67.903912 15.251491 51.429342 100.641182 -63.284714 81.189324 74.474156 0.999866
-27.478666 25.350009 158.439143 -77.009693 -18.532664 -31.204325 156.409468 0.728934 67.903913 15.251489 51.429337 100.641163 -63.284714 81.189322 74.474152 0.999866
-27.499321 25.354851 158.447175 -77.024946 -18.518810 -31.149017 156.404097 0.726122 67.903914 15.251486 51.429328 100.641151 -63.284710 81.189316 74.474152 0.999867
-27.518466 25.378427 158.482364 -77.041897 -18.491191 -31.081105 156.402754 0.724807 67.903912 15.251482 51.429324 100.641127 -63.284708 81.189306 74.474147 0.999868
-27.540668 25.401350 158.512492 -77.045666 -18.483361 -31.024354 156.396727 0.723691 67.903916 15.251475 51.429319 100.641106 -63.284706 81.189309 74.474145 0.999867
-27.560572 25.389750 158.536189 -77.050266 -18.491417 -30.994376 156.389625 0.721700 67.903923 15.251468 51.429317 100.641085 -63.284702 81.189302 74.474139 0.999868
-27.585118 25.394766 158.553858 -77.065840 -18.488149 -30.933711 156.386737 0.720622 67.903928 15.251465 51.429312 100.641067 -63.284700 81.189292 74.474135 0.999869
-27.602517 25.389322 158.571222 -77.067992 -18.502916 -30.901172 156.380705 0.718321 67.903931 15.251460 51.429310 100.641048 -63.284695 81.189291 74.474134 0.999869
-27.618814 25.377063 158.559006 -77.064442 -18.528364 -30.875056 156.379983 0.715125 67.903931 15.251452 51.429309 100.641042 -63.284697 81.189291 74.474130 0.999869
-27.651743 25.402174 158.618189 -77.084821 -18.516939 -30.786841 156.371936 0.714170 67.903939 15.251439 51.429307 100.641018 -63.284695 81.189288 74.474127 0.999870
-27.669075 25.411727 158.629818 -77.082699 -18.533773 -30.729450 156.369438 0.713639 67.903946 15.251431 51.429307 100.641004 -63.284693 81.189290 74.474126 0.999870
-27.685094 25.429721 158.673740 -77.077626 -18.526942 -30.666910 156.365682 0.712441 67.903945 15.251430 51.429304 100.640991 -63.284688 81.189289 74.474122 0.999870
-27.707773 25.453579 158.704184 -77.110203 -18.497960 -30.578177 156.363742 0.709461 67.903947 15.251422 51.429305 100.640969 -63.284688 81.189284 74.474118 0.999870
-27.725190 25.472234 158.737549 -77.136739 -18.468178 -30.502503 156.362085 0.708380 67.903950 15.251413 51.429304 100.640953 -63.284687 81.189277 74.474116 0.999870
-27.748578 25.473896 158.747167 -77.158630 -18.462272 -30.423479 156.358091 0.707921 67.903955 15.251404 51.429305 100.640939 -63.284684 81.189275 74.474115 0.999870
-27.766678 25.479362 158.754439 -77.168650 -18.470486 -30.368335 156.357912 0.704743 67.903960 15.251395 51.429308 100.640928 -63.284683 81.189278 74.474109 0.999870
-27.779499 25.469193 158.720177 -77.162508 -18.497914 -30.326332 156.353448 0.702642 67.903967 15.251381 51.429311 100.640929 -63.284683 81.189286 74.474110 0.999871
-27.801588 25.462305 158.741155 -77.177911 -18.499807 -30.266419 156.351176 0.701572 67.903969 15.251367 51.429311 100.640914 -63.284681 81.189281 74.474106 0.999871
-27.820336 25.471375 158.754466 -77.200856 -18.478871 -30.196203 156.351316 0.698382 67.903968 15.251364 51.429307 100.640906 -63.284679 81.189270 74.474103 0.999871
-27.841019 25.444145 158.753625 -77.198693 -18.515973 -30.164527 156.348632 0.693900 67.903971 15.251357 51.429309 100.640897 -63.284678 81.189269 74.474101 0.999871
-27.863845 25.465352 158.775103 -77.214806 -18.485043 -30.082566 156.346398 0.692261 67.903971 15.251353 51.429310 100.640895 -63.284676 81.189267 74.474100 0.999871
-27.879144 25.459910 158.758652 -77.213935 -18.493450 -30.045725 156.344169 0.690197 67.903973 15.251348 51.429309 100.640890 -63.284675 81.189270 74.474103 0.999872
-27.884734 25.459255 158.755655 -77.222537 -18.492742 -30.014151 156.340146 0.684937 67.903976 15.251346 51.429310 100.640888 -63.284673 81.189268 74.474102 0.999872
-27.895612 25.447300 158.734719 -77.233689 -18.528798 -29.971116 156.335292 0.683895 67.903980 15.251340 51.429312 100.640890 -63.284670 81.189269 74.474104 0.999874
-27.909665 25.447973 158.731407 -77.237491 -18.552746 -29.931829 156.335054 0.680485 67.903982 15.251334 51.429315 100.640885 -63.284669 81.189266 74.474102 0.999875
-27.922158 25.440856 158.720143 -77.235536 -18.576931 -29.913525 156.332621 0.676427 67.903987 15.251326 51.429315 100.640886 -63.284670 81.189265 74.474102 0.999875
-27.935974 25.423864 158.698438 -77.225593 -18.619606 -29.885373 156.331676 0.673000 67.903987 15.251316 51.429317 100.640886 -63.284669 81.189267 74.474097 0.999876
-27.949326 25.392994 158.669744 -77.217867 -18.656137 -29.893521 156.328360 0.670476 67.903990 15.251311 51.429320 100.640890 -63.284669 81.189270 74.474097 0.999877
-27.960093 25.372222 158.652235 -77.217276 -18.680114 -29.885701 156.329957 0.668410 67.903996 15.251308 51.429322 100.640888 -63.284669 81.189272 74.474098 0.999877
-27.978669 25.378215 158.671867 -77.216342 -18.679892 -29.840502 156.327855 0.664305 67.903991 15.251308 51.429317 100.640886 -63.284667 81.189269 74.474094 0.999877
-27.994690 25.364685 158.678761 -77.224699 -18.684598 -29.808391 156.326039 0.663412 67.903990 15.251309 51.429317 100.640885 -63.284663 81.189267 74.474092 0.999877
-28.005079 25.369360 158.675829 -77.226874 -18.688738 -29.772736 156.320283 0.660995 67.903992 15.251306 51.429317 100.640886 -63.284661 81.189270 74.474092 0.999878
-28.010057 25.352205 158.675796 -77.228020 -18.717158 -29.766427 156.317110 0.657923 67.903991 15.251305 51.429319 100.640882 -63.284658 81.189271 74.474089 0.999878
-28.023156 25.347352 158.695777 -77.241218 -18.715243 -29.726144 156.313227 0.657057 67.903995 15.251303 51.429326 100.640876 -63.284657 81.189272 74.474085 0.999878
-28.034902 25.335824 158.694132 -77.238235 -18.737903 -29.713950 156.309215 0.656699 67.903997 15.251300 51.429327 100.640864 -63.284653 81.189274 74.474083 0.999878
-28.040864 25.313298 158.681620 -77.224630 -18.757544 -29.708508 156.307098 0.653074 67.904002 15.251294 51.429331 100.640869 -63.284655 81.189276 74.474083 0.999878
-28.053782 25.296218 158.673155 -77.222736 -18.780071 -29.689423 156.303414 0.650718 67.904004 15.251297 51.429331 100.640859 -63.284655 81.189273 74.474084 0.999878
-28.061274 25.290625 158.673924 -77.222519 -18.789968 -29.661204 156.301836 0.648351 67.904007 15.251290 51.429332 100.640856 -63.284654 81.189272 74.474079 0.999878
-28.065112 25.264746 158.662079 -77.224018 -18.804842 -29.662529 156.299396 0.645637 67.904005 15.251297 51.429331 100.640855 -63.284653 81.189270 74.474077 0.999879
-28.075137 25.264813 158.676964 -77.207658 -18.824043 -29.664015 156.294822 0.646135 67.904006 15.251295 51.429332 100.640844 -63.284651 81.189272 74.474078 0.999880
-28.079122 25.230330 158.637820 -77.192277 -18.860133 -29.705170 156.290538 0.644884 67.904004 15.251297 51.429331 100.640849 -63.284650 81.189273 74.474076 0.999880
-28.089535 25.225138 158.650304 -77.179196 -18.868234 -29.686327 156.288074 0.642939 67.904002 15.251301 51.429332 100.640850 -63.284650 81.189269 74.474073 0.999880
-28.097816 25.200422 158.614856 -77.157679 -18.903247 -29.696389 156.286886 0.642828 67.904005 15.251301 51.429335 100.640852 -63.284650 81.189271 74.474074 0.999880
-28.100842 25.194930 158.615251 -77.133247 -18.915885 -29.719218 156.283059 0.642347 67.904005 15.251299 51.429337 100.640850 -63.284649 81.189271 74.474071 0.999880
-28.111538 25.186945 158.616016 -77.131299 -18.926850 -29.701520 156.279237 0.640905 67.904004 15.251300 51.429335 100.640852 -63.284649 81.189270 74.474072 0.999881
-28.122411 25.180552 158.594218 -77.112615 -18.941427 -29.688093 156.278128 0.640298 67.904004 15.251302 51.429334 100.640857 -63.284649 81.189271 74.474070 0.999881
-28.128920 25.148170 158.542273 -77.084523 -18.983756 -29.723775 156.277253 0.639184 67.904001 15.251310 51.429332 100.640863 -63.284648 81.189273 74.474070 0.999884
-28.137938 25.124399 158.523434 -77.064276 -19.017463 -29.752969 156.275161 0.639345 67.904002 15.251311 51.429331 100.640863 -63.284648 81.189279 74.474070 0.999884
-28.145574 25.093219 158.477178 -77.046195 -19.032392 -29.776086 156.273488 0.639171 67.904004 15.251316 51.429332 100.640865 -63.284649 81.189283 74.474069 0.999884
-28.151601 25.066912 158.465838 -77.007943 -19.070670 -29.810406 156.270369 0.637256 67.904005 15.251322 51.429336 100.640868 -63.284647 81.189282 74.474070 0.999885
-28.164403 25.036840 158.450902 -76.982757 -19.099795 -29.834344 156.265762 0.637610 67.903999 15.251326 51.429339 100.640869 -63.284644 81.189284 74.474069 0.999886
-28.169423 24.992853 158.425923 -76.954605 -19.145022 -29.889010 156.260112 0.637662 67.903997 15.251327 51.429340 100.640873 -63.284641 81.189288 74.474069 0.999888
-28.175353 24.991541 158.435381 -76.934588 -19.167013 -29.897911 156.256406 0.637332 67.903994 15.251332 51.429338 100.640874 -63.284640 81.189286 74.474065 0.999888
-28.179175 24.960280 158.413833 -76.903863 -19.208132 -29.927202 156.251660 0.635786 67.903992 15.251332 51.429339 100.640873 -63.284639 81.189289 74.474063 0.999889
-28.186765 24.940502 158.401579 -76.906776 -19.221591 -29.934113 156.246952 0.635581 67.903992 15.251328 51.429339 100.640872 -63.284637 81.189286 74.474059 0.999889
-28.197050 24.939353 158.398502 -76.908740 -19.226815 -29.922721 156.246963 0.633049 67.903989 15.251329 51.429333 100.640870 -63.284635 81.189274 74.474057 0.999889
-28.201657 24.930845 158.390489 -76.898143 -19.240994 -29.938073 156.244761 0.630250 67.903984 15.251331 51.429332 100.640881 -63.284636 81.189273 74.474056 0.999889
-28.202227 24.906483 158.348786 -76.871773 -19.286563 -29.972442 156.243980 0.628291 67.903985 15.251335 51.429333 100.640897 -63.284637 81.189274 74.474059 0.999890
-28.209247 24.918808 158.367747 -76.872089 -19.288405 -29.959944 156.244064 0.626565 67.903979 15.251337 51.429328 100.640901 -63.284637 81.189269 74.474058 0.999889
-28.212411 24.892831 158.346037 -76.858086 -19.344177 -29.972942 156.242255 0.626296 67.903981 15.251340 51.429332 100.640907 -63.284634 81.189271 74.474058 0.999890
-28.220505 24.899379 158.399317 -76.868438 -19.326656 -29.962277 156.240635 0.622992 67.903978 15.251345 51.429328 100.640907 -63.284635 81.189262 74.474054 0.999888
-28.226980 24.881546 158.396294 -76.855402 -19.348367 -29.964900 156.238231 0.620909 67.903979 15.251350 51.429330 100.640909 -63.284634 81.189259 74.474054 0.999888
-28.226680 24.861207 158.389728 -76.851213 -19.376576 -29.979022 156.239970 0.619932 67.903980 15.251355 51.429333 100.640909 -63.284635 81.189255 74.474059 0.999889
-28.232724 24.837139 158.381707 -76.841587 -19.398562 -29.992228 156.237712 0.619923 67.903983 15.251356 51.429336 100.640907 -63.284633 81.189254 74.474060 0.999888
-28.232863 24.835139 158.376624 -76.834537 -19.406925 -30.010000 156.237032 0.618449 67.903984 15.251359 51.429337 100.640909 -63.284636 81.189256 74.474063 0.999888
-28.240413 24.802317 158.373093 -76.824045 -19.450879 -30.035636 156.236859 0.617883 67.903987 15.251365 51.429341 100.640908 -63.284636 81.189253 74.474067 0.999888
-28.241055 24.784106 158.373394 -76.818020 -19.477214 -30.066023 156.232900 0.616210 67.903991 15.251366 51.429341 100.640910 -63.284637 81.189255 74.474066 0.999888
-28.245944 24.781722 158.358185 -76.812631 -19.480585 -30.069570 156.237455 0.615030 67.903992 15.251368 51.429344 100.640914 -63.284638 81.189251 74.474069 0.999888
-28.247275 24.765508 158.356225 -76.784176 -19.507434 -30.091242 156.237304 0.614084 67.903990 15.251374 51.429343 100.640916 -63.284639 81.189251 74.474074 0.999888
-28.254581 24.724703 158.328055 -76.765758 -19.557392 -30.136197 156.237504 0.613779 67.903998 15.251375 51.429345 100.640921 -63.284640 81.189254 74.474076 0.999889
-28.254778 24.713037 158.299203 -76.757271 -19.575636 -30.165592 156.239664 0.612274 67.903998 15.251378 51.429346 100.640926 -63.284641 81.189254 74.474079 0.999890
-28.253409 24.701441 158.296074 -76.748991 -19.599145 -30.185561 156.239292 0.611069 67.903999 15.251380 51.429348 100.640929 -63.284640 81.189254 74.474079 0.999891
-28.256004 24.671143 158.304358 -76.742999 -19.637203 -30.215516 156.236891 0.610743 67.904004 15.251382 51.429352 100.640925 -63.284639 81.189254 74.474082 0.999891
-28.249556 24.658192 158.315460 -76.734828 -19.650472 -30.257627 156.236331 0.610504 67.904005 15.251390 51.429353 100.640928 -63.284640 81.189256 74.474084 0.999891
-28.237875 24.647649 158.299354 -76.714612 -19.669091 -30.295392 156.235536 0.610619 67.904004 15.251399 51.429353 100.640931 -63.284640 81.189258 74.474086 0.999891
-28.237442 24.630606 158.286448 -76.708024 -19.709211 -30.309841 156.237824 0.609854 67.904008 15.251401 51.429356 100.640932 -63.284640 81.189258 74.474088 0.999892
-28.236170 24.637716 158.292919 -76.691262 -19.714888 -30.334403 156.237125 0.610508 67.904013 15.251401 51.429359 100.640928 -63.284641 81.189260 74.474086 0.999892
-28.234187 24.618623 158.291448 -76.686294 -19.742387 -30.371270 156.239647 0.610343 67.904017 15.251405 51.429363 100.640923 -63.284643 81.189262 74.474088 0.999891
-28.236149 24.603572 158.298026 -76.673731 -19.768772 -30.404139 156.238038 0.610827 67.904022 15.251408 51.429368 100.640914 -63.284642 81.189265 74.474091 0.999892
-28.236764 24.606012 158.304655 -76.652737 -19.778902 -30.431142 156.241213 0.611726 67.904022 15.251410 51.429369 100.640914 -63.284643 81.189267 74.474091 0.999892
-28.235698 24.589107 158.300541 -76.659138 -19.797749 -30.455659 156.243851 0.612860 67.904030 15.251409 51.429374 100.640912 -63.284641 81.189270 74.474092 0.999892
-28.242664 24.574473 158.313783 -76.644343 -19.815603 -30.473978 156.245136 0.613743 67.904030 15.251418 51.429378 100.640908 -63.284640 81.189270 74.474092 0.999891
-28.235074 24.556827 158.286955 -76.615824 -19.847774 -30.538885 156.244820 0.614075 67.904036 15.251421 51.429380 100.640910 -63.284639 81.189277 74.474094 0.999892
-28.235227 24.556767 158.276901 -76.612350 -19.856434 -30.554781 156.247775 0.614606 67.904042 15.251422 51.429381 100.640908 -63.284638 81.189278 74.474097 0.999892
-28.236739 24.537307 158.274115 -76.626242 -19.868227 -30.574673 156.246774 0.615808 67.904048 15.251420 51.429386 100.640904 -63.284638 81.189277 74.474097 0.999891
