-33.967999 5.462000 157.563004 -68.568001 -16.181000 -62.987999 144.666000 0.988295 67.924004 15.260000 51.439999 100.643997 -63.284000 81.202003 74.487000 0.999934
-33.967999 5.462000 157.563004 -68.568001 -16.181000 -62.987999 144.664993 1.005499 67.922997 15.260000 51.439999 100.642998 -63.284000 81.204002 74.487999 0.999914
-33.967999 5.462000 157.561005 -68.568001 -16.181999 -62.987999 144.664993 0.995377 67.924004 15.260000 51.438999 100.640999 -63.285000 81.202003 74.487999 0.999919
-33.967999 5.462000 157.561005 -68.569000 -16.181999 -62.987999 144.664993 0.998536 67.924004 15.260000 51.438999 100.644997 -63.284000 81.202003 74.487999 0.999927
-33.967999 5.462000 157.563004 -68.570999 -16.181999 -62.987000 144.664993 1.014167 67.924004 15.260000 51.439999 100.643997 -63.284000 81.202003 74.487999 0.999916
-33.967999 5.462000 157.561005 -68.569000 -16.181999 -62.987999 144.666000 1.012189 67.924004 15.260000 51.438999 100.638000 -63.284000 81.202003 74.487000 0.999919
-33.965000 5.472000 157.559998 -68.569000 -16.191000 -62.944000 144.695999 1.025081 67.924004 15.258000 51.438999 100.647003 -63.284000 81.200996 74.484001 0.999921
-33.942001 5.532000 157.544998 -68.570999 -16.212000 -62.828999 144.738998 1.021552 67.920998 15.254000 51.438999 100.640999 -63.284000 81.196999 74.483002 0.999926
-33.869999 5.732000 157.475006 -68.597000 -16.339001 -62.515999 144.904007 1.030495 67.913002 15.253000 51.438000 100.639999 -63.282001 81.190002 74.480003 0.999926
-33.729000 6.045000 157.354996 -68.658997 -16.441000 -62.071999 145.209000 1.037172 67.905998 15.253000 51.432999 100.652000 -63.284000 81.188004 74.476997 0.999929
-33.674999 6.204000 157.298996 -68.682999 -16.535000 -61.764999 145.341995 1.038034 67.905998 15.253000 51.432999 100.639999 -63.284000 81.188004 74.476997 0.999931
-33.466999 6.727000 157.147003 -68.801003 -16.802000 -60.998001 145.750000 1.044906 67.905998 15.253000 51.431000 100.643997 -63.284000 81.186996 74.478996 0.999933
-33.328999 7.054000 157.052002 -68.853996 -16.940001 -60.477001 146.044006 1.050369 67.903000 15.253000 51.431999 100.639999 -63.284000 81.186996 74.476997 0.999933
-33.214001 7.331000 156.983002 -68.925003 -17.082001 -59.970001 146.309998 1.051613 67.903000 15.253000 51.431000 100.647003 -63.282001 81.186996 74.476997 0.999936
-32.890999 8.073000 156.729004 -69.136002 -17.393999 -58.889000 146.968994 1.056277 67.903000 15.253000 51.431000 100.647003 -63.282001 81.186996 74.476997 0.999936
-32.584999 8.779000 156.548996 -69.348000 -17.688000 -57.765999 147.572006 1.058390 67.903000 15.254000 51.431999 100.647003 -63.284000 81.185997 74.476997 0.999937
-32.407001 9.214000 156.410995 -69.501999 -17.865000 -56.936001 148.005005 1.062167 67.904999 15.253000 51.431000 100.640999 -63.284000 81.185997 74.476997 0.999937
-32.091000 9.972000 156.199997 -69.764999 -18.153000 -55.724998 148.634003 1.064817 67.904999 15.253000 51.431000 100.639999 -63.285000 81.185997 74.476997 0.999935
-31.658001 11.078000 155.906998 -70.179001 -18.504999 -53.973999 149.522003 1.066321 67.904999 15.253000 51.431000 100.639999 -63.285000 81.185997 74.476997 0.999937
-31.658001 11.078000 155.906998 -70.179001 -18.504999 -53.973999 149.522003 1.067611 67.903000 15.253000 51.431999 100.644997 -63.284000 81.186996 74.476997 0.999934
-31.065001 12.542000 155.539993 -70.764999 -18.878000 -51.789001 150.574005 1.069340 67.903000 15.253000 51.431999 100.644997 -63.284000 81.186996 74.476997 0.999934
-31.065001 12.542000 155.539993 -70.764999 -18.878000 -51.789001 150.574005 1.071581 67.903000 15.253000 51.431000 100.644997 -63.282001 81.186996 74.478996 0.999933
-30.407000 14.256000 155.145996 -71.559998 -19.289000 -49.080002 151.835007 1.071769 67.904999 15.253000 51.431000 100.644997 -63.284000 81.186996 74.478996 0.999933
-30.240999 14.712000 155.044006 -71.779999 -19.422001 -48.213001 152.231995 1.073072 67.904999 15.254000 51.431000 100.638000 -63.285000 81.186996 74.476997 0.999928
-29.797001 15.943000 154.830994 -72.446999 -19.558001 -46.299999 153.063995 1.074020 67.904999 15.253000 51.431000 100.642998 -63.284000 81.186996 74.476997 0.999926
-29.542000 16.662001 154.744995 -72.870003 -19.572001 -45.164001 153.550995 1.073374 67.904999 15.253000 51.431999 100.642998 -63.285000 81.186996 74.476997 0.999920
-29.229000 17.600000 154.606003 -73.438004 -19.573999 -43.882000 154.042007 1.074595 67.904999 15.253000 51.431000 100.647003 -63.284000 81.186996 74.474998 0.999918
-29.229000 17.600000 154.606003 -73.438004 -19.573999 -43.882000 154.042007 1.075619 67.903000 15.251000 51.431999 100.632004 -63.284000 81.186996 74.475998 0.999917
-28.677000 19.415001 154.453995 -74.735001 -19.400000 -41.117001 154.962006 1.075978 67.903000 15.253000 51.429001 100.629997 -63.284000 81.190002 74.475998 0.999914
-28.586000 19.790001 154.445007 -75.032997 -19.250000 -40.414001 155.173004 1.074809 67.903000 15.253000 51.431000 100.644997 -63.284000 81.190002 74.476997 0.999912
-28.370001 20.622000 154.434006 -75.683998 -18.969999 -39.196999 155.585007 1.076229 67.903000 15.253000 51.431999 100.628998 -63.284000 81.190002 74.475998 0.999910
-28.271999 21.056000 154.429993 -76.043999 -18.830000 -38.636002 155.748993 1.076859 67.903000 15.253000 51.431000 100.648003 -63.284000 81.190002 74.475998 0.999909
-28.202999 21.298000 154.427002 -76.234001 -18.694000 -38.169998 155.889008 1.078042 67.903000 15.253000 51.431000 100.642998 -63.284000 81.190002 74.476997 0.999904
-27.990000 22.212000 154.417999 -76.982002 -18.360001 -36.952000 156.201996 1.078620 67.903000 15.253000 51.431000 100.642998 -63.284000 81.190002 74.476997 0.999901
-27.947001 22.431999 154.414001 -77.153999 -18.240999 -36.573002 156.306000 1.079331 67.903000 15.253000 51.431000 100.647003 -63.282001 81.190002 74.476997 0.999899
-27.889999 22.733000 154.408005 -77.405998 -18.134001 -36.196999 156.404999 1.079757 67.903000 15.251000 51.429001 100.639999 -63.284000 81.191002 74.476997 0.999896
-27.809000 23.127001 154.408005 -77.742996 -17.895000 -35.667000 156.488998 1.081080 67.904999 15.253000 51.431000 100.642998 -63.284000 81.190002 74.475998 0.999894
-27.747000 23.532000 154.408005 -78.071999 -17.641001 -35.085999 156.556000 1.081325 67.903000 15.253000 51.431000 100.643997 -63.284000 81.190002 74.476997 0.999892
-27.712999 23.697001 154.419006 -78.223000 -17.507999 -34.839001 156.610001 1.081701 67.904999 15.253000 51.431000 100.636002 -63.282001 81.190002 74.476997 0.999890
-27.656000 24.004999 154.447006 -78.487000 -17.285000 -34.407001 156.707001 1.082363 67.903000 15.253000 51.429001 100.652000 -63.282001 81.190002 74.475998 0.999888
-27.629999 24.188999 154.475998 -78.635002 -17.160000 -34.222000 156.735992 1.082240 67.904999 15.253000 51.431000 100.644997 -63.284000 81.190002 74.475998 0.999886
-27.601000 24.427999 154.518997 -78.810997 -16.947001 -33.924999 156.776001 1.082041 67.903000 15.251000 51.431000 100.634003 -63.284000 81.190002 74.474998 0.999883
-27.590000 24.514000 154.535004 -78.903000 -16.875000 -33.813999 156.789993 1.081582 67.903000 15.253000 51.431000 100.649002 -63.284000 81.190002 74.475998 0.999881
-27.582001 24.719999 154.585007 -79.094002 -16.714001 -33.504002 156.804993 1.081367 67.903000 15.253000 51.429001 100.640999 -63.282001 81.190002 74.474998 0.999879
-27.577000 24.823000 154.610001 -79.167999 -16.605000 -33.411999 156.811005 1.081721 67.903000 15.251000 51.431000 100.648003 -63.284000 81.190002 74.476997 0.999876
-27.566999 25.030001 154.662003 -79.366997 -16.402000 -33.106998 156.826996 1.081749 67.903000 15.251000 51.431000 100.648003 -63.284000 81.190002 74.476997 0.999875
-27.559000 25.174999 154.699005 -79.508003 -16.311001 -32.974998 156.845993 1.081400 67.903000 15.253000 51.431000 100.642998 -63.284000 81.190002 74.475998 0.999873
-27.559000 25.174999 154.699005 -79.508003 -16.311001 -32.974998 156.845993 1.081266 67.902000 15.251000 51.429001 100.643997 -63.284000 81.190002 74.475998 0.999872
-27.544001 25.344999 154.738007 -79.627998 -16.152000 -32.709000 156.860001 1.080324 67.903000 15.253000 51.431000 100.638000 -63.284000 81.190002 74.476997 0.999869
-27.531000 25.503000 154.792999 -79.790001 -15.985000 -32.548000 156.865005 1.080144 67.903000 15.251000 51.431000 100.643997 -63.282001 81.190002 74.475998 0.999869
-27.531000 25.503000 154.792999 -79.790001 -15.985000 -32.548000 156.865005 1.079862 67.903000 15.251000 51.431000 100.642998 -63.284000 81.190002 74.476997 0.999866
-27.514999 25.761000 154.867004 -80.007004 -15.743000 -32.174000 156.867996 1.079495 67.903000 15.253000 51.429001 100.663002 -63.282001 81.190002 74.475998 0.999865
-27.509001 25.837000 154.891998 -80.046997 -15.670000 -32.118999 156.865997 1.078708 67.903000 15.253000 51.429001 100.648003 -63.282001 81.190002 74.475998 0.999863
-27.504999 25.945999 154.934006 -80.126999 -15.542000 -32.009998 156.865997 1.077617 67.903000 15.253000 51.429001 100.647003 -63.284000 81.190002 74.475998 0.999860
-27.489000 26.143000 155.022995 -80.301003 -15.385000 -31.735001 156.867996 1.076248 67.903000 15.253000 51.429001 100.647003 -63.285000 81.190002 74.474998 0.999858
-27.489000 26.143000 155.022995 -80.301003 -15.385000 -31.735001 156.867996 1.074983 67.903000 15.253000 51.429001 100.644997 -63.284000 81.190002 74.475998 0.999856
-27.479000 26.305000 155.080994 -80.439003 -15.202000 -31.613001 156.865997 1.072971 67.903000 15.251000 51.429001 100.642998 -63.284000 81.190002 74.475998 0.999856
-27.468000 26.459000 155.143997 -80.530998 -15.054000 -31.388000 156.867996 1.070516 67.903000 15.251000 51.429001 100.642998 -63.284000 81.190002 74.475998 0.999853
-27.464001 26.497999 155.169998 -80.561996 -15.007000 -31.290001 156.865997 1.067649 67.903000 15.253000 51.431000 100.644997 -63.282001 81.190002 74.476997 0.999851
-27.462999 26.641001 155.231003 -80.693001 -14.859000 -31.198000 156.865997 1.063774 67.902000 15.253000 51.429001 100.644997 -63.284000 81.190002 74.475998 0.999850
-27.462999 26.700001 155.257996 -80.732002 -14.768000 -31.087000 156.865997 1.061107 67.903000 15.251000 51.429001 100.644997 -63.284000 81.190002 74.476997 0.999848
-27.462999 26.809000 155.302002 -80.816002 -14.648000 -30.959000 156.865997 1.055291 67.903000 15.251000 51.431000 100.638000 -63.284000 81.190002 74.476997 0.999845
-27.464001 26.993999 155.397995 -80.944000 -14.423000 -30.719000 156.865997 1.050618 67.903000 15.253000 51.431000 100.643997 -63.284000 81.190002 74.475998 0.999843
-27.465000 27.052000 155.431000 -80.984001 -14.359000 -30.625000 156.865997 1.042337 67.903000 15.253000 51.429001 100.652000 -63.284000 81.190002 74.476997 0.999840
-27.469999 27.141001 155.473999 -81.043999 -14.223000 -30.465000 156.865997 1.034598 67.903000 15.253000 51.429001 100.638000 -63.284000 81.190002 74.475998 0.999837
-27.476000 27.278999 155.529999 -81.182999 -14.106000 -30.313999 156.865997 1.025266 67.903000 15.253000 51.429001 100.642998 -63.284000 81.190002 74.475998 0.999834
-27.483000 27.360001 155.565994 -81.234001 -14.010000 -30.181999 156.865005 1.014847 67.903000 15.251000 51.429001 100.647003 -63.284000 81.190002 74.475998 0.999831
-27.490000 27.538000 155.662994 -81.359001 -13.789000 -29.872999 156.862000 1.003920 67.903000 15.253000 51.429001 100.649002 -63.284000 81.190002 74.475998 0.999829
-27.496000 27.604000 155.694000 -81.401001 -13.697000 -29.743999 156.860992 0.990835 67.903000 15.253000 51.429001 100.640999 -63.284000 81.190002 74.474998 0.999827
-27.500999 27.695999 155.725006 -81.458000 -13.642000 -29.608999 156.858002 0.976816 67.903000 15.253000 51.431000 100.639999 -63.284000 81.191002 74.476997 0.999824
-27.516001 27.877001 155.787003 -81.592003 -13.417000 -29.325001 156.843994 0.964311 67.903000 15.253000 51.429001 100.647003 -63.284000 81.191002 74.475998 0.999822
-27.524000 27.954000 155.824005 -81.650002 -13.307000 -29.139000 156.835007 0.948747 67.903000 15.253000 51.429001 100.662003 -63.284000 81.190002 74.475998 0.999818
-27.535000 28.108000 155.878998 -81.741997 -13.176000 -28.892000 156.822006 0.932680 67.903000 15.251000 51.429001 100.648003 -63.284000 81.191002 74.475998 0.999816
-27.541000 28.184999 155.904007 -81.772003 -13.081000 -28.743000 156.817993 0.915445 67.903000 15.251000 51.431000 100.633003 -63.284000 81.191002 74.476997 0.999813
-27.549000 28.306000 155.938995 -81.827003 -12.932000 -28.528000 156.806000 0.895619 67.904999 15.251000 51.429001 100.655998 -63.284000 81.191002 74.475998 0.999811
-27.555000 28.368999 155.955002 -81.851997 -12.858000 -28.424999 156.802002 0.875397 67.903000 15.251000 51.429001 100.651001 -63.284000 81.191002 74.474998 0.999808
-27.563000 28.475000 155.970001 -81.907997 -12.779000 -28.163000 156.787003 0.855765 67.903000 15.253000 51.429001 100.637001 -63.282001 81.190002 74.475998 0.999805
-27.568001 28.541000 155.979004 -81.940002 -12.712000 -28.066000 156.779007 0.833907 67.903000 15.251000 51.429001 100.639999 -63.284000 81.191002 74.474998 0.999803
-27.579000 28.635000 155.988007 -81.996002 -12.576000 -27.855000 156.761993 0.812668 67.903000 15.251000 51.431000 100.647003 -63.284000 81.191002 74.475998 0.999802
-27.584000 28.688000 155.996994 -82.017998 -12.498000 -27.681000 156.751007 0.790373 67.903000 15.251000 51.431000 100.637001 -63.284000 81.191002 74.476997 0.999799
-27.594000 28.809999 156.007996 -82.070000 -12.372000 -27.483000 156.729996 0.768222 67.903000 15.253000 51.429001 100.643997 -63.284000 81.191002 74.475998 0.999798
-27.600000 28.865000 156.014008 -82.088997 -12.334000 -27.341999 156.720993 0.746807 67.902000 15.253000 51.431000 100.660004 -63.285000 81.191002 74.474998 0.999797
-27.608000 28.951000 156.024994 -82.121002 -12.269000 -27.180000 156.710999 0.727038 67.903000 15.253000 51.429001 100.639999 -63.284000 81.191002 74.476997 0.999797
-27.614000 28.986000 156.029999 -82.133003 -12.209000 -27.129000 156.701996 0.704642 67.903000 15.253000 51.429001 100.636002 -63.284000 81.190002 74.475998 0.999795
-27.618999 29.013000 156.041000 -82.139000 -12.172000 -27.049000 156.699997 0.684208 67.902000 15.253000 51.429001 100.652000 -63.282001 81.191002 74.475998 0.999794
-27.629000 29.128000 156.052994 -82.162003 -12.056000 -26.747000 156.695007 0.662578 67.903000 15.251000 51.429001 100.644997 -63.284000 81.191002 74.474998 0.999793
-27.636000 29.174999 156.052994 -82.177002 -11.976000 -26.672001 156.690994 0.641627 67.903000 15.253000 51.429001 100.642998 -63.284000 81.190002 74.473000 0.999793
-27.649000 29.273001 156.054993 -82.191002 -11.911000 -26.371000 156.681000 0.621687 67.902000 15.253000 51.431000 100.639999 -63.282001 81.191002 74.474998 0.999793
-27.649000 29.273001 156.054993 -82.191002 -11.911000 -26.371000 156.681000 0.600705 67.903000 15.253000 51.429001 100.638000 -63.284000 81.190002 74.474998 0.999794
-27.663000 29.343000 156.014999 -82.203003 -11.855000 -26.191999 156.669998 0.580969 67.903000 15.253000 51.429001 100.640999 -63.285000 81.191002 74.474998 0.999794
-27.667000 29.365999 155.992996 -82.206001 -11.804000 -26.056000 156.666000 0.561652 67.903000 15.253000 51.429001 100.636002 -63.282001 81.191002 74.474998 0.999797
-27.673000 29.386999 155.966003 -82.211998 -11.767000 -25.947001 156.658997 0.543548 67.903000 15.253000 51.431000 100.640999 -63.284000 81.190002 74.475998 0.999798
-27.681999 29.415001 155.917999 -82.221001 -11.718000 -25.846001 156.656006 0.526535 67.903000 15.251000 51.429001 100.632004 -63.284000 81.190002 74.473000 0.999801
-27.695000 29.419001 155.820999 -82.224998 -11.701000 -25.752001 156.651001 0.508834 67.903000 15.251000 51.429001 100.632004 -63.284000 81.190002 74.473000 0.999804
-27.705999 29.417999 155.750000 -82.224998 -11.699000 -25.660000 156.643997 0.491856 67.903000 15.251000 51.429001 100.639999 -63.282001 81.190002 74.474998 0.999807
-27.716999 29.398001 155.651001 -82.226997 -11.696000 -25.542999 156.632996 0.477165 67.903000 15.253000 51.429001 100.639999 -63.284000 81.190002 74.474998 0.999811
-27.725000 29.362000 155.542999 -82.211998 -11.696000 -25.465000 156.628998 0.460078 67.903000 15.253000 51.431000 100.640999 -63.284000 81.191002 74.474998 0.999815
-27.735001 29.323000 155.464005 -82.192001 -11.697000 -25.448000 156.623001 0.445791 67.903000 15.253000 51.431000 100.647003 -63.284000 81.191002 74.475998 0.999818
-27.737000 29.285000 155.391998 -82.166000 -11.703000 -25.434000 156.621002 0.429136 67.903000 15.253000 51.431000 100.640999 -63.284000 81.191002 74.474998 0.999825
-27.752001 29.163000 155.201996 -82.102997 -11.741000 -25.403999 156.615997 0.414570 67.903000 15.253000 51.429001 100.643997 -63.284000 81.191002 74.475998 0.999828
-27.759001 29.110001 155.098007 -82.081001 -11.773000 -25.400000 156.613998 0.404346 67.903000 15.251000 51.429001 100.636002 -63.284000 81.191002 74.475998 0.999833
-27.768999 28.983000 154.936996 -82.038002 -11.865000 -25.393999 156.608002 0.394197 67.903000 15.251000 51.429001 100.636002 -63.284000 81.191002 74.475998 0.999835
-27.780001 28.909000 154.815994 -82.002998 -11.903000 -25.393000 156.604996 0.384668 67.902000 15.251000 51.431000 100.651001 -63.284000 81.190002 74.474998 0.999839
-27.787001 28.840000 154.712997 -81.984001 -11.931000 -25.386000 156.604996 0.374570 67.903000 15.251000 51.429001 100.647003 -63.285000 81.190002 74.475998 0.999843
-27.795000 28.733000 154.528000 -81.961998 -11.969000 -25.378000 156.606995 0.363474 67.902000 15.251000 51.431000 100.637001 -63.284000 81.190002 74.476997 0.999845
-27.805000 28.652000 154.399994 -81.945000 -12.012000 -25.368000 156.602997 0.352968 67.903000 15.251000 51.431000 100.643997 -63.284000 81.191002 74.474998 0.999848
-27.805000 28.617001 154.354996 -81.936996 -12.039000 -25.362000 156.600006 0.344226 67.903000 15.253000 51.429001 100.647003 -63.284000 81.191002 74.475998 0.999852
-27.818001 28.532000 154.188995 -81.916000 -12.126000 -25.353001 156.595993 0.334465 67.903000 15.251000 51.429001 100.639999 -63.284000 81.190002 74.474998 0.999855
-27.818001 28.532000 154.188995 -81.916000 -12.126000 -25.353001 156.595993 0.325758 67.903000 15.253000 51.429001 100.640999 -63.284000 81.190002 74.473000 0.999860
-27.832001 28.400000 153.985001 -81.856003 -12.230000 -25.353001 156.574005 0.315776 67.903000 15.253000 51.429001 100.647003 -63.284000 81.190002 74.474998 0.999865
-27.837999 28.341000 153.910004 -81.830002 -12.285000 -25.353001 156.570007 0.304872 67.903000 15.251000 51.429001 100.651001 -63.285000 81.191002 74.474998 0.999869
-27.840000 28.260000 153.802994 -81.794998 -12.352000 -25.372999 156.559006 0.294825 67.903000 15.251000 51.431000 100.642998 -63.284000 81.191002 74.473000 0.999874
-27.840000 28.226000 153.742004 -81.776001 -12.377000 -25.385000 156.556000 0.283727 67.902000 15.251000 51.429001 100.644997 -63.284000 81.191002 74.476997 0.999877
-27.841999 28.163000 153.675003 -81.749001 -12.411000 -25.416000 156.554993 0.274072 67.903000 15.251000 51.429001 100.642998 -63.284000 81.191002 74.475998 0.999883
-27.843000 28.075001 153.539993 -81.708000 -12.457000 -25.452000 156.552994 0.263940 67.903000 15.251000 51.429001 100.640999 -63.284000 81.190002 74.475998 0.999887
-27.846001 27.916000 153.315002 -81.601997 -12.628000 -25.547001 156.552002 0.253288 67.903000 15.251000 51.431000 100.653999 -63.284000 81.190002 74.473000 0.999893
-27.850000 27.855000 153.220001 -81.556000 -12.718000 -25.610001 156.550995 0.241574 67.902000 15.251000 51.429001 100.649002 -63.284000 81.190002 74.474998 0.999897
-27.857000 27.684999 152.981003 -81.445000 -12.865000 -25.721001 156.544006 0.230719 67.903000 15.251000 51.429001 100.643997 -63.284000 81.190002 74.475998 0.999903
-27.862000 27.608999 152.869995 -81.406998 -12.929000 -25.802000 156.544006 0.220115 67.903000 15.251000 51.429001 100.636002 -63.284000 81.190002 74.474998 0.999909
-27.871000 27.534000 152.770004 -81.372002 -13.010000 -25.839001 156.544998 0.210447 67.903000 15.253000 51.431000 100.639999 -63.284000 81.191002 74.476997 0.999914
-27.877001 27.391001 152.557007 -81.297997 -13.205000 -25.903000 156.542007 0.199868 67.903000 15.251000 51.429001 100.644997 -63.284000 81.191002 74.474998 0.999920
-27.879999 27.346001 152.485992 -81.271004 -13.275000 -25.948000 156.544006 0.188500 67.902000 15.251000 51.429001 100.649002 -63.282001 81.191002 74.475998 0.999928
-27.886999 27.254999 152.311005 -81.204002 -13.356000 -26.034000 156.544006 0.179307 67.902000 15.251000 51.431000 100.640999 -63.284000 81.193001 74.475998 0.999933
-27.903000 27.070000 152.024002 -81.073997 -13.607000 -26.242001 156.544006 0.169949 67.902000 15.251000 51.429001 100.643997 -63.284000 81.191002 74.474998 0.999940
-27.903000 27.070000 152.024002 -81.073997 -13.607000 -26.242001 156.544006 0.160674 67.903000 15.251000 51.429001 100.642998 -63.282001 81.191002 74.474998 0.999947
-27.920000 26.823999 151.559998 -80.915001 -13.893000 -26.360001 156.544998 0.152563 67.903000 15.251000 51.429001 100.642998 -63.282001 81.191002 74.474998 0.999954
-27.927000 26.754999 151.412994 -80.876999 -13.993000 -26.402000 156.544006 0.148645 67.902000 15.251000 51.429001 100.640999 -63.284000 81.191002 74.474998 0.999963
-27.948999 26.582001 151.098999 -80.741997 -14.202000 -26.570000 156.544006 0.147007 67.903000 15.251000 51.429001 100.660004 -63.284000 81.193001 74.475998 0.999969
-27.957001 26.489000 150.919998 -80.679001 -14.305000 -26.684999 156.544998 0.145150 67.902000 15.253000 51.429001 100.647003 -63.284000 81.191002 74.474998 0.999975
-27.965000 26.309999 150.576996 -80.511002 -14.602000 -26.792000 156.546005 0.143681 67.902000 15.253000 51.431000 100.639999 -63.282001 81.191002 74.475998 0.999981
-27.975000 26.135000 150.279007 -80.389000 -14.830000 -27.030001 156.544998 0.142916 67.903000 15.253000 51.429001 100.642998 -63.284000 81.190002 74.473000 0.999988
-27.979000 26.037001 150.091995 -80.305000 -14.996000 -27.180000 156.544998 0.141726 67.903000 15.251000 51.429001 100.640999 -63.284000 81.191002 74.473000 0.999993
-27.983000 25.931000 149.923996 -80.222000 -15.115000 -27.237000 156.544998 0.142055 67.902000 15.251000 51.429001 100.638000 -63.284000 81.191002 74.474998 0.999997
-27.995001 25.778999 149.690002 -80.085999 -15.297000 -27.384001 156.548996 0.142438 67.903000 15.251000 51.429001 100.649002 -63.284000 81.190002 74.474998 1.000001
-28.004999 25.613001 149.399994 -79.978996 -15.555000 -27.650999 156.550995 0.143574 67.903000 15.253000 51.429001 100.647003 -63.284000 81.193001 74.475998 1.000007
-28.006001 25.504000 149.246994 -79.896004 -15.632000 -27.711000 156.552994 0.144349 67.903000 15.251000 51.428001 100.649002 -63.284000 81.191002 74.474998 1.000011
-28.007999 25.298000 148.940994 -79.723999 -15.935000 -27.995001 156.561996 0.145540 67.902000 15.253000 51.428001 100.642998 -63.284000 81.191002 74.475998 1.000016
-28.007999 25.176001 148.792999 -79.615997 -16.070999 -28.158001 156.563995 0.147206 67.902000 15.253000 51.428001 100.642998 -63.284000 81.191002 74.475998 1.000018
-28.007999 25.063000 148.639008 -79.544998 -16.229000 -28.270000 156.563995 0.149587 67.903000 15.251000 51.429001 100.647003 -63.284000 81.191002 74.475998 1.000021
-28.002001 24.851999 148.373993 -79.379997 -16.472000 -28.573999 156.567001 0.152897 67.903000 15.251000 51.431000 100.640999 -63.284000 81.191002 74.473000 1.000024
-28.000000 24.754000 148.266998 -79.306000 -16.622999 -28.677999 156.567001 0.156310 67.903000 15.251000 51.431000 100.640999 -63.284000 81.191002 74.473000 1.000026
-27.990000 24.489000 147.987000 -79.107002 -16.947001 -29.025000 156.574005 0.159904 67.903000 15.253000 51.428001 100.639999 -63.282001 81.190002 74.475998 1.000028
-27.959999 24.239000 147.694000 -78.905998 -17.289000 -29.391001 156.580994 0.163601 67.903000 15.251000 51.429001 100.648003 -63.282001 81.191002 74.475998 1.000030
-27.945000 24.131001 147.602005 -78.815002 -17.410000 -29.535999 156.582001 0.168622 67.903000 15.251000 51.429001 100.647003 -63.284000 81.191002 74.475998 1.000031
-27.914000 23.922001 147.391006 -78.643997 -17.674000 -29.871000 156.580994 0.172618 67.902000 15.253000 51.428001 100.642998 -63.284000 81.190002 74.473000 1.000032
-27.893999 23.820999 147.289993 -78.550003 -17.826000 -30.044001 156.582001 0.176991 67.903000 15.251000 51.426998 100.638000 -63.284000 81.191002 74.475998 1.000033
-27.857000 23.615999 147.104996 -78.342003 -18.097000 -30.417999 156.578995 0.182691 67.903000 15.251000 51.426998 100.638000 -63.284000 81.191002 74.475998 1.000034
-27.857000 23.615999 147.104996 -78.342003 -18.097000 -30.417999 156.578995 0.187615 67.903000 15.251000 51.428001 100.649002 -63.282001 81.191002 74.474998 1.000034
-27.830999 23.375999 146.876999 -78.120003 -18.388000 -30.818001 156.582001 0.192571 67.903000 15.251000 51.428001 100.649002 -63.282001 81.191002 74.474998 1.000034
-27.830999 23.375999 146.876999 -78.120003 -18.388000 -30.818001 156.582001 0.198692 67.903000 15.251000 51.428001 100.639999 -63.284000 81.190002 74.474998 1.000033
-27.816000 23.219000 146.742996 -77.962997 -18.627001 -31.028999 156.580994 0.204889 67.903000 15.251000 51.428001 100.639999 -63.284000 81.190002 74.474998 1.000033
-27.809999 23.181000 146.703995 -77.913002 -18.663000 -31.108999 156.580994 0.210599 67.902000 15.251000 51.428001 100.648003 -63.284000 81.191002 74.473000 1.000032
-27.799000 23.143999 146.677002 -77.850998 -18.705000 -31.216000 156.578995 0.217052 67.902000 15.251000 51.428001 100.640999 -63.284000 81.191002 74.473000 1.000031
-27.714001 22.914000 146.516998 -77.497002 -19.105000 -31.735001 156.580994 0.223802 67.902000 15.253000 51.428001 100.636002 -63.284000 81.191002 74.474998 1.000030
-27.663000 22.826000 146.490005 -77.318001 -19.245001 -31.989000 156.582001 0.229726 67.903000 15.251000 51.429001 100.654999 -63.284000 81.190002 74.473000 1.000028
-27.629000 22.756001 146.453995 -77.210999 -19.379000 -32.199001 156.582001 0.236656 67.903000 15.251000 51.429001 100.643997 -63.284000 81.191002 74.474998 1.000028
-27.596001 22.662001 146.408997 -77.027000 -19.570000 -32.488998 156.587997 0.242638 67.902000 15.253000 51.428001 100.640999 -63.284000 81.191002 74.474998 1.000026
-27.573000 22.615999 146.386993 -76.915001 -19.627001 -32.627998 156.598999 0.250114 67.903000 15.251000 51.429001 100.642998 -63.284000 81.191002 74.474998 1.000025
-27.542000 22.527000 146.343994 -76.788002 -19.796000 -32.868000 156.608002 0.257253 67.903000 15.251000 51.428001 100.647003 -63.284000 81.191002 74.473000 1.000022
-27.533001 22.500999 146.335007 -76.724998 -19.867001 -32.983002 156.610992 0.264201 67.903000 15.251000 51.428001 100.642998 -63.282001 81.191002 74.474998 1.000022
-27.527000 22.483999 146.328003 -76.683998 -19.912001 -33.056000 156.608002 0.271767 67.903000 15.253000 51.428001 100.655998 -63.284000 81.190002 74.473000 1.000021
-27.412001 22.385000 146.324005 -76.301003 -20.169001 -33.563999 156.610001 0.278627 67.902000 15.253000 51.428001 100.644997 -63.282001 81.191002 74.472000 1.000019
-27.367001 22.339001 146.337006 -76.148003 -20.301001 -33.756001 156.610001 0.286478 67.903000 15.251000 51.428001 100.638000 -63.284000 81.191002 74.474998 1.000017
-27.253000 22.263000 146.440002 -75.763000 -20.521999 -34.176998 156.612000 0.295429 67.903000 15.251000 51.429001 100.639999 -63.284000 81.191002 74.473000 1.000016
-27.150999 22.204000 146.528000 -75.433998 -20.761999 -34.618999 156.617996 0.303480 67.902000 15.251000 51.426998 100.649002 -63.282001 81.191002 74.472000 1.000014
-27.090000 22.177999 146.563004 -75.240997 -20.896000 -34.872002 156.617996 0.311408 67.903000 15.251000 51.429001 100.640999 -63.284000 81.191002 74.474998 1.000013
-26.976999 22.127001 146.703995 -74.824997 -21.150999 -35.375999 156.621994 0.320090 67.902000 15.251000 51.429001 100.640999 -63.284000 81.191002 74.473000 1.000011
-26.886000 22.091999 146.772995 -74.559998 -21.330999 -35.667999 156.623001 0.328621 67.903000 15.251000 51.428001 100.648003 -63.284000 81.191002 74.473000 1.000009
-26.865000 22.082001 146.796005 -74.473999 -21.395000 -35.803001 156.621994 0.337320 67.903000 15.251000 51.428001 100.652000 -63.284000 81.191002 74.470001 1.000007
-26.777000 22.044001 146.917999 -74.158997 -21.568001 -36.196999 156.623001 0.346875 67.903000 15.251000 51.428001 100.647003 -63.284000 81.191002 74.472000 1.000004
-26.691999 22.018999 147.016006 -73.939003 -21.714001 -36.395000 156.623001 0.356021 67.903000 15.251000 51.428001 100.640999 -63.282001 81.191002 74.473000 1.000001
-26.577000 21.989000 147.156006 -73.595001 -21.896999 -36.793999 156.623001 0.365586 67.903000 15.251000 51.428001 100.640999 -63.284000 81.191002 74.473000 0.999999
-26.521000 21.972000 147.238007 -73.387001 -22.027000 -37.117001 156.623001 0.375756 67.902000 15.251000 51.428001 100.642998 -63.284000 81.191002 74.473000 0.999996
-26.400999 21.936001 147.408997 -73.014999 -22.247000 -37.477001 156.621994 0.384915 67.902000 15.251000 51.428001 100.642998 -63.284000 81.191002 74.473000 0.999993
-26.400999 21.936001 147.408997 -73.014999 -22.247000 -37.477001 156.621994 0.394821 67.902000 15.251000 51.428001 100.639999 -63.284000 81.190002 74.473000 0.999990
-26.245001 21.909000 147.619995 -72.545998 -22.490999 -38.028999 156.621994 0.405084 67.902000 15.251000 51.429001 100.638000 -63.284000 81.191002 74.474998 0.999987
-26.177000 21.898001 147.697998 -72.350998 -22.604000 -38.229000 156.623001 0.414944 67.903000 15.251000 51.428001 100.640999 -63.284000 81.191002 74.473000 0.999984
-26.132999 21.884001 147.778000 -72.208000 -22.712000 -38.493000 156.621994 0.425133 67.902000 15.251000 51.428001 100.636002 -63.284000 81.191002 74.474998 0.999982
-26.018000 21.857000 147.927994 -71.888000 -22.825001 -38.825001 156.621994 0.435331 67.903000 15.251000 51.428001 100.655998 -63.284000 81.191002 74.472000 0.999980
-25.848000 21.816999 148.203995 -71.403999 -23.129999 -39.451000 156.621994 0.446254 67.903000 15.251000 51.429001 100.642998 -63.284000 81.190002 74.473000 0.999978
-25.797001 21.811001 148.300003 -71.222000 -23.181999 -39.616001 156.619003 0.457016 67.902000 15.253000 51.429001 100.643997 -63.284000 81.191002 74.473000 0.999975
-25.750000 21.799999 148.395004 -71.022003 -23.259001 -39.866001 156.619003 0.466905 67.902000 15.251000 51.429001 100.644997 -63.284000 81.191002 74.473000 0.999973
-25.611000 21.789000 148.649994 -70.639000 -23.445999 -40.301998 156.613998 0.477271 67.902000 15.251000 51.429001 100.640999 -63.284000 81.191002 74.474998 0.999971
-25.548000 21.780001 148.763000 -70.495003 -23.535000 -40.477001 156.612000 0.487007 67.902000 15.251000 51.429001 100.643997 -63.284000 81.191002 74.473000 0.999969
-25.421000 21.771999 149.014008 -70.127998 -23.667000 -40.936001 156.604004 0.496205 67.903000 15.253000 51.428001 100.637001 -63.284000 81.190002 74.473000 0.999967
-25.377001 21.768999 149.110001 -70.018997 -23.718000 -41.165001 156.600006 0.505679 67.902000 15.251000 51.428001 100.651001 -63.282001 81.191002 74.473000 0.999964
-25.270000 21.759001 149.330994 -69.745003 -23.847000 -41.506001 156.589996 0.515746 67.902000 15.251000 51.428001 100.649002 -63.284000 81.191002 74.473000 0.999961
-25.215000 21.754000 149.455994 -69.624001 -23.902000 -41.673000 156.585007 0.526062 67.902000 15.251000 51.429001 100.643997 -63.284000 81.191002 74.473000 0.999958
-25.094999 21.752001 149.682999 -69.329002 -23.995001 -42.084999 156.578003 0.536154 67.902000 15.253000 51.428001 100.648003 -63.284000 81.191002 74.474998 0.999955
-25.058001 21.754000 149.779007 -69.206001 -24.028999 -42.209000 156.578003 0.545929 67.902000 15.251000 51.428001 100.654999 -63.282001 81.190002 74.473000 0.999952
-25.014999 21.754000 149.884995 -69.087997 -24.049000 -42.340000 156.578995 0.556295 67.902000 15.253000 51.428001 100.640999 -63.284000 81.190002 74.474998 0.999949
-24.874001 21.757000 150.125000 -68.769997 -24.104000 -42.727001 156.578003 0.565943 67.903000 15.253000 51.428001 100.647003 -63.284000 81.191002 74.473000 0.999946
-24.829000 21.761000 150.205994 -68.693001 -24.125999 -42.900002 156.578003 0.575338 67.902000 15.251000 51.426998 100.649002 -63.284000 81.191002 74.474998 0.999944
-24.733999 21.783001 150.386993 -68.483002 -24.139000 -43.073002 156.578003 0.583765 67.902000 15.253000 51.428001 100.644997 -63.282001 81.190002 74.472000 0.999940
-24.677999 21.795000 150.494003 -68.341003 -24.150000 -43.298000 156.576996 0.590735 67.903000 15.251000 51.428001 100.642998 -63.284000 81.191002 74.473000 0.999937
-24.677999 21.795000 150.494003 -68.341003 -24.150000 -43.298000 156.576996 0.599515 67.903000 15.251000 51.428001 100.640999 -63.284000 81.190002 74.473000 0.999933
-24.539000 21.839001 150.770004 -68.089996 -24.152000 -43.652000 156.578995 0.607472 67.902000 15.253000 51.428001 100.642998 -63.282001 81.191002 74.474998 0.999931
-24.490999 21.860001 150.865005 -67.984001 -24.152000 -43.787998 156.578003 0.614071 67.903000 15.251000 51.428001 100.643997 -63.284000 81.191002 74.474998 0.999928
-24.393000 21.903000 151.044998 -67.851997 -24.143000 -43.956001 156.578003 0.621206 67.903000 15.251000 51.428001 100.643997 -63.284000 81.191002 74.474998 0.999926
-24.354000 21.931000 151.164993 -67.774002 -24.129999 -44.112000 156.578995 0.627868 67.902000 15.251000 51.428001 100.640999 -63.284000 81.191002 74.473000 0.999923
-24.270000 21.997999 151.347000 -67.666000 -24.084000 -44.268002 156.578995 0.633320 67.902000 15.251000 51.429001 100.633003 -63.284000 81.191002 74.474998 0.999921
-24.270000 21.997999 151.347000 -67.666000 -24.084000 -44.268002 156.578995 0.637449 67.902000 15.251000 51.428001 100.649002 -63.284000 81.190002 74.473000 0.999919
-24.184999 22.091999 151.563004 -67.550003 -24.003000 -44.355999 156.578003 0.642625 67.903000 15.253000 51.428001 100.636002 -63.284000 81.190002 74.475998 0.999917
-24.152000 22.125999 151.654999 -67.504997 -23.951000 -44.408001 156.578995 0.646808 67.903000 15.253000 51.428001 100.648003 -63.284000 81.190002 74.472000 0.999914
-24.106001 22.164000 151.744995 -67.463997 -23.881001 -44.505001 156.580994 0.650229 67.902000 15.251000 51.428001 100.637001 -63.284000 81.190002 74.473000 0.999912
-24.076000 22.208000 151.832993 -67.445000 -23.840000 -44.536999 156.578995 0.655918 67.902000 15.251000 51.426998 100.652000 -63.284000 81.190002 74.473000 0.999909
-24.049999 22.256001 151.919998 -67.431999 -23.761999 -44.549000 156.580994 0.661555 67.902000 15.253000 51.428001 100.640999 -63.284000 81.191002 74.473000 0.999907
-24.011999 22.374001 152.085007 -67.424004 -23.635000 -44.558998 156.578995 0.665882 67.902000 15.251000 51.428001 100.647003 -63.284000 81.190002 74.475998 0.999905
-23.961000 22.493000 152.248001 -67.403000 -23.542000 -44.578999 156.578995 0.669892 67.902000 15.253000 51.428001 100.644997 -63.284000 81.190002 74.473000 0.999903
-23.940001 22.563000 152.348007 -67.405998 -23.441999 -44.582001 156.578995 0.676906 67.903000 15.251000 51.429001 100.642998 -63.285000 81.191002 74.474998 0.999900
-23.910000 22.729000 152.539001 -67.457001 -23.177000 -44.556999 156.578995 0.681736 67.902000 15.251000 51.429001 100.644997 -63.282001 81.191002 74.474998 0.999898
-23.903999 22.808001 152.604004 -67.494003 -23.101999 -44.519001 156.578995 0.685025 67.902000 15.253000 51.428001 100.647003 -63.284000 81.191002 74.475998 0.999895
-23.900000 22.858999 152.638000 -67.526001 -23.041000 -44.485001 156.578003 0.691761 67.902000 15.253000 51.428001 100.640999 -63.284000 81.190002 74.472000 0.999892
-23.886999 22.969000 152.770004 -67.620003 -22.848000 -44.368999 156.578995 0.695359 67.902000 15.251000 51.428001 100.640999 -63.282001 81.190002 74.473000 0.999889
-23.882000 23.104000 152.856003 -67.760002 -22.646000 -44.243000 156.578995 0.697438 67.902000 15.251000 51.428001 100.644997 -63.284000 81.190002 74.475998 0.999885
-23.884001 23.188999 152.923996 -67.870003 -22.541000 -44.153999 156.578995 0.701669 67.903000 15.253000 51.428001 100.644997 -63.284000 81.191002 74.474998 0.999883
-23.884001 23.231001 152.968002 -67.917000 -22.438000 -44.041000 156.578003 0.705258 67.902000 15.251000 51.428001 100.642998 -63.282001 81.190002 74.473000 0.999881
-23.884001 23.302999 153.020004 -67.998001 -22.299000 -43.890999 156.578995 0.705427 67.903000 15.251000 51.428001 100.647003 -63.284000 81.191002 74.473000 0.999878
-23.891001 23.388000 153.067001 -68.116997 -22.218000 -43.825001 156.580994 0.707687 67.903000 15.251000 51.428001 100.643997 -63.284000 81.190002 74.475998 0.999876
-23.898001 23.447001 153.121002 -68.192001 -22.110001 -43.764000 156.580994 0.710425 67.902000 15.251000 51.428001 100.644997 -63.284000 81.191002 74.475998 0.999874
-23.902000 23.480000 153.143005 -68.230003 -22.048000 -43.691002 156.582001 0.711096 67.902000 15.251000 51.428001 100.640999 -63.282001 81.190002 74.474998 0.999871
-23.909000 23.521000 153.171997 -68.278000 -21.966999 -43.618999 156.582001 0.712085 67.902000 15.251000 51.428001 100.644997 -63.285000 81.190002 74.474998 0.999868
-23.915001 23.542999 153.182999 -68.303001 -21.930000 -43.592999 156.585007 0.717406 67.903000 15.251000 51.429001 100.642998 -63.284000 81.191002 74.475998 0.999866
-23.950001 23.594999 153.222000 -68.439003 -21.820999 -43.363998 156.591995 0.720304 67.903000 15.251000 51.429001 100.642998 -63.284000 81.191002 74.475998 0.999864
-24.159000 23.872999 153.348007 -69.318001 -21.327000 -42.528000 156.656006 0.722749 67.902000 15.251000 51.428001 100.647003 -63.282001 81.191002 74.474998 0.999862
-24.243999 23.972000 153.404007 -69.653000 -21.129999 -42.198002 156.682007 0.727296 67.902000 15.251000 51.428001 100.643997 -63.282001 81.191002 74.475998 0.999860
-24.474001 24.261000 153.488007 -70.532997 -20.507999 -41.076000 156.748001 0.729673 67.902000 15.251000 51.428001 100.643997 -63.284000 81.191002 74.473000 0.999860
-24.606001 24.403999 153.516998 -71.031998 -20.229000 -40.529999 156.785004 0.730756 67.902000 15.251000 51.428001 100.642998 -63.284000 81.191002 74.473000 0.999856
-24.746000 24.566000 153.580002 -71.573997 -19.889999 -39.910000 156.817993 0.733824 67.902000 15.251000 51.428001 100.636002 -63.284000 81.191002 74.474998 0.999854
-24.937000 24.770000 153.682999 -72.378998 -19.433001 -39.091999 156.862000 0.736144 67.901001 15.251000 51.429001 100.637001 -63.285000 81.190002 74.473000 0.999853
-24.937000 24.770000 153.682999 -72.378998 -19.433001 -39.091999 156.862000 0.736539 67.902000 15.251000 51.428001 100.640999 -63.284000 81.191002 74.474998 0.999852
-25.105000 24.969999 153.759003 -73.129997 -18.955999 -38.245998 156.891006 0.739075 67.902000 15.251000 51.428001 100.640999 -63.284000 81.191002 74.474998 0.999850
-25.174999 25.035999 153.789001 -73.383003 -18.753000 -37.922001 156.899002 0.742265 67.902000 15.251000 51.428001 100.649002 -63.284000 81.191002 74.474998 0.999850
-25.215000 25.076000 153.826004 -73.582001 -18.653000 -37.761002 156.901001 0.741237 67.902000 15.251000 51.428001 100.640999 -63.282001 81.191002 74.474998 0.999849
-25.280001 25.172001 153.908005 -73.976997 -18.445999 -37.375999 156.908005 0.744277 67.901001 15.251000 51.428001 100.634003 -63.284000 81.190002 74.474998 0.999849
-25.315001 25.214001 153.940994 -74.170998 -18.302999 -37.124001 156.912003 0.744473 67.901001 15.253000 51.428001 100.648003 -63.284000 81.191002 74.474998 0.999848
-25.333000 25.242001 153.966995 -74.274002 -18.231001 -37.047001 156.912994 0.746543 67.901001 15.251000 51.428001 100.647003 -63.284000 81.191002 74.474998 0.999848
-25.364000 25.294001 154.018005 -74.495003 -18.163000 -36.846001 156.917007 0.747884 67.901001 15.251000 51.428001 100.637001 -63.282001 81.191002 74.475998 0.999848
-25.375000 25.337000 154.069000 -74.646004 -18.065001 -36.658001 156.927002 0.750751 67.901001 15.253000 51.428001 100.639999 -63.284000 81.191002 74.475998 0.999848
-25.388000 25.374001 154.117004 -74.821999 -17.959000 -36.557999 156.938004 0.751282 67.902000 15.251000 51.428001 100.639999 -63.284000 81.191002 74.474998 0.999848
-25.393999 25.403999 154.158005 -74.929001 -17.870001 -36.433998 156.949005 0.755197 67.901001 15.251000 51.428001 100.640999 -63.282001 81.191002 74.473000 0.999849
-25.400999 25.422001 154.177994 -74.998001 -17.832001 -36.389000 156.953995 0.757114 67.899002 15.251000 51.428001 100.642998 -63.284000 81.191002 74.474998 0.999849
-25.410999 25.459000 154.223007 -75.085999 -17.773001 -36.259998 156.970993 0.760047 67.901001 15.253000 51.428001 100.643997 -63.285000 81.190002 74.474998 0.999851
-25.416000 25.466999 154.240997 -75.121002 -17.750999 -36.230999 156.973999 0.763115 67.899002 15.251000 51.428001 100.642998 -63.284000 81.190002 74.473000 0.999851
-25.426001 25.474001 154.272003 -75.200996 -17.715000 -36.203999 156.975006 0.766544 67.901001 15.251000 51.428001 100.643997 -63.284000 81.190002 74.474998 0.999852
-25.431999 25.481001 154.285995 -75.240997 -17.686001 -36.182999 156.975006 0.769695 67.901001 15.251000 51.428001 100.642998 -63.282001 81.191002 74.473000 0.999852
-25.443001 25.490000 154.324005 -75.320000 -17.612000 -36.113998 156.975006 0.773650 67.901001 15.251000 51.428001 100.642998 -63.284000 81.191002 74.474998 0.999853
-25.448000 25.495001 154.348007 -75.356003 -17.586000 -36.068001 156.975998 0.776628 67.901001 15.251000 51.428001 100.642998 -63.284000 81.190002 74.475998 0.999853
-25.455999 25.507000 154.395004 -75.445000 -17.535000 -36.001999 156.975006 0.780632 67.901001 15.251000 51.428001 100.643997 -63.284000 81.191002 74.473000 0.999852
-25.466000 25.517000 154.429993 -75.499001 -17.479000 -35.951000 156.975006 0.783120 67.901001 15.251000 51.428001 100.640999 -63.282001 81.191002 74.473000 0.999853
-25.471001 25.523001 154.457993 -75.525002 -17.440001 -35.910999 156.975006 0.786414 67.901001 15.251000 51.428001 100.639999 -63.284000 81.191002 74.473000 0.999853
-25.483999 25.539000 154.528000 -75.594002 -17.382999 -35.828999 156.975006 0.790167 67.901001 15.251000 51.428001 100.642998 -63.284000 81.191002 74.473000 0.999853
-25.483999 25.539000 154.528000 -75.594002 -17.382999 -35.828999 156.975006 0.790530 67.902000 15.253000 51.428001 100.642998 -63.284000 81.190002 74.475998 0.999853
-25.497000 25.552000 154.604996 -75.676003 -17.339001 -35.780998 156.975006 0.792837 67.902000 15.253000 51.428001 100.642998 -63.284000 81.190002 74.475998 0.999853
-25.497000 25.552000 154.604996 -75.676003 -17.339001 -35.780998 156.975006 0.794414 67.901001 15.251000 51.428001 100.643997 -63.284000 81.190002 74.473000 0.999853
-25.514000 25.566999 154.654007 -75.724998 -17.306000 -35.745998 156.973999 0.796637 67.901001 15.251000 51.429001 100.640999 -63.284000 81.191002 74.474998 0.999852
-25.518999 25.577000 154.688004 -75.760002 -17.287001 -35.723999 156.973999 0.799647 67.901001 15.251000 51.428001 100.639999 -63.282001 81.191002 74.473000 0.999852
-25.525000 25.587000 154.727005 -75.785004 -17.259001 -35.694000 156.973999 0.800842 67.901001 15.251000 51.428001 100.639999 -63.282001 81.191002 74.473000 0.999852
-25.535000 25.603001 154.815002 -75.889000 -17.186001 -35.598000 156.975006 0.801030 67.901001 15.251000 51.428001 100.640999 -63.284000 81.190002 74.473000 0.999851
-25.551001 25.615000 154.884995 -75.963997 -17.108000 -35.479000 156.975006 0.801471 67.901001 15.251000 51.428001 100.640999 -63.284000 81.190002 74.473000 0.999851
-25.556999 25.620001 154.906998 -75.985001 -17.089001 -35.450001 156.970993 0.804273 67.902000 15.251000 51.428001 100.643997 -63.284000 81.191002 74.472000 0.999851
-25.570000 25.636000 154.957993 -76.025002 -17.052999 -35.387001 156.970993 0.805161 67.901001 15.253000 51.428001 100.643997 -63.282001 81.191002 74.475998 0.999850
-25.599001 25.694000 155.070007 -76.171997 -16.927000 -35.296001 156.966995 0.807358 67.902000 15.253000 51.428001 100.644997 -63.284000 81.190002 74.474998 0.999849
-25.607000 25.721001 155.136002 -76.238998 -16.879999 -35.193001 156.960999 0.808292 67.902000 15.251000 51.428001 100.643997 -63.284000 81.191002 74.474998 0.999849
-25.611000 25.732000 155.171997 -76.267998 -16.864000 -35.130001 156.957001 0.809496 67.902000 15.253000 51.428001 100.643997 -63.284000 81.191002 74.474998 0.999848
-25.621000 25.745001 155.227005 -76.320999 -16.830999 -35.049999 156.951996 0.811530 67.901001 15.253000 51.428001 100.638000 -63.284000 81.191002 74.473000 0.999848
-25.629000 25.753000 155.264008 -76.363998 -16.799000 -34.977001 156.936005 0.812686 67.901001 15.251000 51.428001 100.642998 -63.284000 81.191002 74.474998 0.999847
-25.643999 25.764000 155.291000 -76.386002 -16.770000 -34.924999 156.927994 0.813803 67.901001 15.251000 51.428001 100.642998 -63.284000 81.191002 74.474998 0.999846
-25.688000 25.830999 155.419998 -76.473999 -16.656000 -34.826000 156.912994 0.815159 67.901001 15.251000 51.428001 100.644997 -63.284000 81.191002 74.474998 0.999847
-25.738001 25.910999 155.537003 -76.603996 -16.556000 -34.667999 156.904999 0.813881 67.901001 15.251000 51.428001 100.648003 -63.284000 81.191002 74.474998 0.999845
-25.757000 25.940001 155.587997 -76.650002 -16.490999 -34.570999 156.903000 0.815104 67.901001 15.251000 51.429001 100.637001 -63.284000 81.191002 74.473000 0.999844
-25.785999 25.988001 155.686996 -76.721001 -16.423000 -34.426998 156.893005 0.815876 67.902000 15.251000 51.428001 100.636002 -63.285000 81.190002 74.474998 0.999844
-25.802000 26.014999 155.727005 -76.764999 -16.403000 -34.401001 156.889999 0.814356 67.901001 15.251000 51.428001 100.638000 -63.284000 81.191002 74.473000 0.999843
-25.839001 26.077000 155.835007 -76.856003 -16.337000 -34.270000 156.873001 0.809996 67.901001 15.253000 51.429001 100.639999 -63.284000 81.191002 74.473000 0.999843
-25.860001 26.101999 155.901993 -76.887001 -16.268999 -34.154999 156.863998 0.809030 67.901001 15.251000 51.428001 100.640999 -63.282001 81.191002 74.474998 0.999841
-25.877001 26.128000 155.951996 -76.928001 -16.209999 -34.075001 156.854996 0.806794 67.901001 15.253000 51.428001 100.640999 -63.284000 81.191002 74.474998 0.999841
-25.912001 26.205999 156.080002 -77.052002 -16.075001 -33.929001 156.835999 0.804881 67.899002 15.251000 51.428001 100.640999 -63.284000 81.191002 74.474998 0.999840
-25.912001 26.205999 156.080002 -77.052002 -16.075001 -33.929001 156.835999 0.801527 67.901001 15.251000 51.428001 100.638000 -63.282001 81.190002 74.473000 0.999840
-25.927000 26.254000 156.158997 -77.117996 -16.004999 -33.803001 156.820999 0.799698 67.899002 15.251000 51.429001 100.639999 -63.282001 81.191002 74.473000 0.999840
-25.936001 26.266001 156.181000 -77.140999 -15.986000 -33.743999 156.815994 0.793995 67.901001 15.251000 51.428001 100.640999 -63.284000 81.190002 74.474998 0.999839
-25.959999 26.287001 156.220001 -77.195999 -15.959000 -33.661999 156.811005 0.788854 67.901001 15.251000 51.428001 100.640999 -63.284000 81.190002 74.474998 0.999838
-26.023001 26.363001 156.328003 -77.302002 -15.871000 -33.473999 156.798004 0.784010 67.901001 15.251000 51.428001 100.640999 -63.284000 81.190002 74.473000 0.999837
-26.065001 26.412001 156.412994 -77.373001 -15.761000 -33.301998 156.781006 0.777302 67.901001 15.251000 51.428001 100.639999 -63.284000 81.191002 74.474998 0.999836
-26.084999 26.434000 156.440994 -77.412003 -15.717000 -33.222000 156.774002 0.771934 67.901001 15.251000 51.428001 100.639999 -63.284000 81.190002 74.473000 0.999835
-26.118000 26.469999 156.492996 -77.496002 -15.639000 -33.085999 156.759003 0.766043 67.901001 15.253000 51.428001 100.639999 -63.284000 81.190002 74.473000 0.999835
-26.136999 26.488001 156.524994 -77.543999 -15.592000 -33.042000 156.748001 0.760269 67.901001 15.251000 51.428001 100.644997 -63.284000 81.190002 74.474998 0.999833
-26.159000 26.514000 156.570007 -77.588997 -15.556000 -32.971001 156.737000 0.752245 67.901001 15.251000 51.428001 100.644997 -63.284000 81.190002 74.474998 0.999832
-26.201000 26.563999 156.647003 -77.689003 -15.500000 -32.729000 156.718994 0.747761 67.901001 15.251000 51.428001 100.640999 -63.282001 81.191002 74.474998 0.999830
-26.223000 26.591000 156.673996 -77.722000 -15.468000 -32.630001 156.710999 0.738984 67.901001 15.251000 51.429001 100.638000 -63.284000 81.191002 74.474998 0.999829
-26.246000 26.612000 156.699005 -77.758003 -15.437000 -32.589001 156.705994 0.730862 67.901001 15.251000 51.428001 100.639999 -63.284000 81.191002 74.473000 0.999828
-26.264000 26.643000 156.753998 -77.799004 -15.356000 -32.507999 156.692993 0.722257 67.901001 15.251000 51.429001 100.643997 -63.284000 81.191002 74.474998 0.999826
-26.275999 26.652000 156.776993 -77.818001 -15.320000 -32.410999 156.688004 0.716455 67.901001 15.253000 51.428001 100.640999 -63.284000 81.191002 74.475998 0.999826
-26.295000 26.669001 156.813004 -77.843002 -15.295000 -32.339001 156.684006 0.706512 67.902000 15.251000 51.428001 100.639999 -63.284000 81.191002 74.473000 0.999825
-26.337999 26.707001 156.895004 -77.919998 -15.192000 -32.152000 156.662003 0.700121 67.901001 15.253000 51.428001 100.640999 -63.284000 81.190002 74.474998 0.999825
-26.354000 26.719999 156.923004 -77.931999 -15.162000 -32.110001 156.656006 0.692379 67.901001 15.253000 51.428001 100.640999 -63.284000 81.190002 74.474998 0.999826
-26.374001 26.729000 156.957001 -77.949997 -15.125000 -32.041000 156.647003 0.684596 67.902000 15.251000 51.428001 100.639999 -63.284000 81.190002 74.474998 0.999827
-26.416000 26.746000 157.014999 -77.983002 -15.085000 -31.893999 156.628998 0.678958 67.902000 15.251000 51.428001 100.639999 -63.284000 81.191002 74.474998 0.999827
-26.434000 26.750000 157.029999 -77.987000 -15.076000 -31.837000 156.623001 0.672224 67.901001 15.251000 51.428001 100.639999 -63.284000 81.191002 74.474998 0.999829
-26.464001 26.757999 157.048996 -77.994003 -15.067000 -31.747000 156.613998 0.664555 67.901001 15.251000 51.428001 100.639999 -63.284000 81.191002 74.474998 0.999829
-26.500999 26.768999 157.061005 -78.011002 -15.055000 -31.702000 156.589996 0.659054 67.901001 15.251000 51.428001 100.644997 -63.284000 81.190002 74.473000 0.999829
-26.518999 26.773001 157.067993 -78.018997 -15.048000 -31.674999 156.574005 0.651106 67.901001 15.251000 51.428001 100.639999 -63.282001 81.191002 74.474998 0.999830
-26.537001 26.777000 157.080994 -78.024002 -15.045000 -31.646000 156.563004 0.644486 67.901001 15.251000 51.429001 100.637001 -63.284000 81.191002 74.474998 0.999831
-26.559999 26.778999 157.089996 -78.032997 -15.040000 -31.598000 156.552002 0.638891 67.901001 15.251000 51.428001 100.639999 -63.284000 81.191002 74.473000 0.999832
-26.587999 26.778999 157.100006 -78.032997 -15.033000 -31.497000 156.541000 0.631637 67.901001 15.251000 51.428001 100.639999 -63.284000 81.191002 74.473000 0.999834
-26.608000 26.780001 157.106995 -78.033997 -15.034000 -31.448000 156.535004 0.626070 67.901001 15.251000 51.429001 100.639999 -63.284000 81.191002 74.474998 0.999836
-26.629999 26.780001 157.112000 -78.033997 -15.034000 -31.424999 156.537003 0.620024 67.901001 15.251000 51.428001 100.640999 -63.284000 81.191002 74.474998 0.999838
-26.655001 26.780001 157.119003 -78.033997 -15.033000 -31.367001 156.531006 0.614189 67.901001 15.253000 51.428001 100.639999 -63.284000 81.191002 74.475998 0.999839
-26.695000 26.757000 157.123001 -78.028000 -15.049000 -31.319000 156.518005 0.609026 67.901001 15.253000 51.428001 100.639999 -63.284000 81.191002 74.475998 0.999842
-26.709000 26.743999 157.125000 -78.019997 -15.074000 -31.308001 156.511002 0.604599 67.901001 15.251000 51.428001 100.638000 -63.284000 81.191002 74.473000 0.999844
-26.724001 26.726000 157.125000 -78.011002 -15.092000 -31.299999 156.507004 0.600036 67.901001 15.251000 51.429001 100.638000 -63.284000 81.191002 74.472000 0.999845
-26.747000 26.693001 157.125000 -77.994003 -15.119000 -31.291000 156.501007 0.594950 67.901001 15.251000 51.428001 100.643997 -63.282001 81.191002 74.474998 0.999846
-26.771999 26.648001 157.123001 -77.963997 -15.185000 -31.271999 156.492004 0.590631 67.901001 15.251000 51.428001 100.643997 -63.282001 81.191002 74.474998 0.999848
-26.773001 26.629999 157.126007 -77.948997 -15.211000 -31.264999 156.487000 0.583694 67.901001 15.251000 51.428001 100.640999 -63.282001 81.191002 74.474998 0.999850
-26.806000 26.584999 157.108002 -77.914001 -15.290000 -31.246000 156.475998 0.579979 67.902000 15.253000 51.428001 100.640999 -63.284000 81.190002 74.475998 0.999851
-26.834999 26.541000 157.085007 -77.898003 -15.358000 -31.225000 156.466995 0.574842 67.901001 15.253000 51.428001 100.638000 -63.284000 81.191002 74.475998 0.999853
-26.868999 26.479000 157.042007 -77.882004 -15.434000 -31.216000 156.457001 0.569823 67.901001 15.251000 51.428001 100.638000 -63.284000 81.191002 74.474998 0.999854
-26.882000 26.445999 157.007004 -77.872002 -15.474000 -31.208000 156.447998 0.564671 67.901001 15.251000 51.428001 100.637001 -63.284000 81.191002 74.474998 0.999857
-26.886999 26.427000 156.987000 -77.864998 -15.489000 -31.205000 156.442001 0.559927 67.901001 15.253000 51.428001 100.639999 -63.284000 81.191002 74.473000 0.999859
-26.896999 26.400999 156.968002 -77.855003 -15.509000 -31.194000 156.429993 0.554731 67.901001 15.251000 51.428001 100.638000 -63.282001 81.190002 74.474998 0.999861
-26.930000 26.334000 156.897003 -77.843002 -15.560000 -31.180000 156.419998 0.549341 67.901001 15.251000 51.428001 100.638000 -63.282001 81.190002 74.474998 0.999863
-26.930000 26.334000 156.897003 -77.843002 -15.560000 -31.180000 156.419998 0.543859 67.901001 15.251000 51.428001 100.638000 -63.285000 81.190002 74.473000 0.999866
-26.972000 26.236000 156.820999 -77.829002 -15.645000 -31.160000 156.401993 0.539863 67.901001 15.253000 51.428001 100.638000 -63.284000 81.191002 74.474998 0.999868
-27.004000 26.158001 156.751007 -77.801003 -15.757000 -31.153000 156.393005 0.535337 67.901001 15.253000 51.428001 100.638000 -63.284000 81.190002 74.474998 0.999869
-27.025999 26.110001 156.710007 -77.783997 -15.828000 -31.153000 156.386002 0.530428 67.901001 15.251000 51.428001 100.638000 -63.284000 81.191002 74.475998 0.999871
-27.052000 26.051001 156.669998 -77.759003 -15.926000 -31.153000 156.375000 0.523289 67.902000 15.251000 51.428001 100.640999 -63.284000 81.191002 74.475998 0.999875
-27.069000 26.011000 156.647003 -77.744003 -15.954000 -31.153000 156.371002 0.518426 67.899002 15.251000 51.428001 100.639999 -63.284000 81.190002 74.474998 0.999875
-27.080999 25.924000 156.597000 -77.712997 -16.011000 -31.153000 156.358002 0.512881 67.899002 15.251000 51.428001 100.639999 -63.284000 81.190002 74.474998 0.999878
-27.096001 25.849001 156.533997 -77.684998 -16.089001 -31.153000 156.343002 0.506103 67.901001 15.251000 51.428001 100.638000 -63.284000 81.190002 74.474998 0.999880
-27.100000 25.806000 156.507996 -77.663002 -16.143999 -31.153999 156.335999 0.499335 67.901001 15.251000 51.428001 100.638000 -63.282001 81.191002 74.474998 0.999883
-27.108000 25.738001 156.449997 -77.623001 -16.254000 -31.174999 156.322998 0.493342 67.901001 15.253000 51.428001 100.639999 -63.282001 81.191002 74.475998 0.999885
-27.112000 25.716000 156.434998 -77.608002 -16.306999 -31.186001 156.317001 0.486560 67.901001 15.253000 51.428001 100.639999 -63.282001 81.191002 74.475998 0.999886
-27.128000 25.593000 156.350998 -77.570000 -16.420000 -31.205999 156.292007 0.481225 67.899002 15.251000 51.429001 100.638000 -63.284000 81.190002 74.474998 0.999887
-27.132999 25.562000 156.326996 -77.563004 -16.443001 -31.209000 156.285995 0.476524 67.901001 15.251000 51.428001 100.637001 -63.284000 81.191002 74.475998 0.999888
-27.143999 25.517000 156.294998 -77.553001 -16.482000 -31.216000 156.270004 0.471119 67.901001 15.251000 51.429001 100.638000 -63.284000 81.191002 74.474998 0.999890
-27.150000 25.499001 156.283997 -77.545998 -16.506001 -31.219999 156.264008 0.466287 67.901001 15.251000 51.428001 100.640999 -63.284000 81.191002 74.474998 0.999891
-27.156000 25.478001 156.276001 -77.542000 -16.541000 -31.225000 156.253006 0.462560 67.901001 15.251000 51.428001 100.638000 -63.284000 81.190002 74.473000 0.999892
-27.163000 25.438000 156.246994 -77.517998 -16.611000 -31.250000 156.244003 0.458717 67.901001 15.251000 51.429001 100.638000 -63.284000 81.191002 74.473000 0.999894
-27.172001 25.334999 156.156006 -77.457001 -16.750000 -31.292999 156.227997 0.454550 67.902000 15.251000 51.428001 100.639999 -63.284000 81.191002 74.475998 0.999897
-27.176001 25.232000 156.061996 -77.389999 -16.892000 -31.382999 156.218002 0.450537 67.902000 15.251000 51.428001 100.639999 -63.284000 81.191002 74.475998 0.999898
-27.176001 25.139000 155.977005 -77.337997 -16.972000 -31.492001 156.214005 0.448742 67.901001 15.251000 51.429001 100.640999 -63.284000 81.190002 74.473000 0.999900
-27.176001 25.105000 155.951996 -77.320000 -17.021000 -31.532000 156.214005 0.447024 67.901001 15.251000 51.429001 100.639999 -63.284000 81.191002 74.473000 0.999901
-27.172001 25.013000 155.875000 -77.265999 -17.177999 -31.636999 156.212997 0.445672 67.901001 15.251000 51.428001 100.638000 -63.284000 81.190002 74.474998 0.999902
-27.165001 24.924999 155.753998 -77.178001 -17.337000 -31.712999 156.214005 0.445352 67.901001 15.251000 51.428001 100.638000 -63.284000 81.191002 74.474998 0.999904
-27.155001 24.823999 155.694000 -77.097000 -17.445999 -31.784000 156.212997 0.445171 67.902000 15.251000 51.428001 100.637001 -63.282001 81.191002 74.473000 0.999906
-27.150999 24.796000 155.673996 -77.073997 -17.497000 -31.823999 156.212997 0.444736 67.901001 15.251000 51.428001 100.637001 -63.284000 81.191002 74.474998 0.999909
-27.145000 24.759001 155.643997 -77.047997 -17.559999 -31.881001 156.214005 0.443847 67.901001 15.251000 51.428001 100.638000 -63.284000 81.191002 74.473000 0.999911
-27.136000 24.709999 155.591995 -77.000999 -17.667999 -31.959000 156.212997 0.444115 67.902000 15.251000 51.428001 100.638000 -63.284000 81.190002 74.473000 0.999913
-27.129000 24.628000 155.503998 -76.917000 -17.789000 -32.080002 156.212997 0.445494 67.901001 15.253000 51.428001 100.638000 -63.284000 81.191002 74.473000 0.999914
-27.121000 24.558001 155.451004 -76.862999 -17.884001 -32.165001 156.210007 0.445187 67.901001 15.251000 51.429001 100.638000 -63.282001 81.191002 74.473000 0.999917
-27.110001 24.474001 155.382004 -76.805000 -18.023001 -32.214001 156.209000 0.446140 67.901001 15.251000 51.428001 100.639999 -63.284000 81.191002 74.474998 0.999919
-27.100000 24.392000 155.289993 -76.728996 -18.181999 -32.355999 156.207001 0.446188 67.902000 15.251000 51.429001 100.637001 -63.284000 81.191002 74.473000 0.999921
-27.089001 24.312000 155.223007 -76.650002 -18.296000 -32.507000 156.209000 0.447054 67.899002 15.251000 51.428001 100.637001 -63.284000 81.191002 74.472000 0.999923
-27.084000 24.283001 155.188004 -76.625000 -18.354000 -32.551998 156.209000 0.447903 67.901001 15.253000 51.429001 100.637001 -63.284000 81.191002 74.472000 0.999926
-27.080000 24.250000 155.139008 -76.592003 -18.424000 -32.584000 156.209000 0.448686 67.901001 15.253000 51.428001 100.637001 -63.285000 81.191002 74.474998 0.999929
-27.080000 24.191000 155.085007 -76.536003 -18.547001 -32.639000 156.207001 0.449447 67.899002 15.251000 51.428001 100.637001 -63.284000 81.191002 74.472000 0.999930
-27.080000 24.153999 155.063004 -76.518997 -18.593000 -32.668999 156.209000 0.450842 67.899002 15.251000 51.428001 100.637001 -63.284000 81.191002 74.472000 0.999933
-27.063000 24.027000 154.985001 -76.442001 -18.745001 -32.862000 156.209000 0.452370 67.901001 15.251000 51.428001 100.637001 -63.284000 81.191002 74.474998 0.999937
-27.055000 23.972000 154.919998 -76.403999 -18.864000 -32.963001 156.205994 0.454977 67.901001 15.251000 51.428001 100.637001 -63.282001 81.191002 74.475998 0.999938
-27.051001 23.926001 154.869995 -76.370003 -18.954000 -33.041000 156.209000 0.457125 67.901001 15.253000 51.428001 100.637001 -63.284000 81.191002 74.473000 0.999942
-27.045000 23.886000 154.843994 -76.320000 -19.076000 -33.092999 156.209000 0.460151 67.901001 15.253000 51.428001 100.637001 -63.284000 81.191002 74.472000 0.999945
-27.034000 23.788000 154.778000 -76.238998 -19.184000 -33.193001 156.209000 0.461289 67.901001 15.251000 51.428001 100.638000 -63.284000 81.191002 74.472000 0.999948
-27.027000 23.723000 154.712997 -76.190002 -19.275000 -33.305000 156.210007 0.463988 67.902000 15.253000 51.428001 100.637001 -63.284000 81.191002 74.470001 0.999952
-27.023001 23.677999 154.654999 -76.135002 -19.399000 -33.410000 156.210999 0.467063 67.901001 15.253000 51.428001 100.638000 -63.284000 81.191002 74.474998 0.999954
-27.014999 23.615999 154.602005 -76.083000 -19.500000 -33.490002 156.212997 0.469904 67.901001 15.253000 51.428001 100.638000 -63.282001 81.190002 74.473000 0.999957
-27.004000 23.542000 154.528000 -76.008003 -19.610001 -33.555000 156.218002 0.473710 67.902000 15.251000 51.428001 100.638000 -63.284000 81.191002 74.474998 0.999958
-26.996000 23.451000 154.445007 -75.946999 -19.747000 -33.717999 156.225998 0.476978 67.902000 15.251000 51.428001 100.638000 -63.284000 81.191002 74.474998 0.999959
-26.987000 23.384001 154.416000 -75.900002 -19.893000 -33.849998 156.231995 0.480530 67.901001 15.253000 51.428001 100.638000 -63.284000 81.190002 74.470001 0.999960
-26.976999 23.295000 154.352005 -75.778999 -20.058001 -33.987000 156.246002 0.484143 67.901001 15.253000 51.428001 100.638000 -63.284000 81.190002 74.472000 0.999962
-26.969999 23.240999 154.309006 -75.735001 -20.108999 -34.044998 156.251007 0.487439 67.901001 15.251000 51.428001 100.639999 -63.284000 81.191002 74.473000 0.999963
-26.964001 23.202999 154.278000 -75.693001 -20.198999 -34.140999 156.261993 0.491052 67.901001 15.251000 51.428001 100.639999 -63.284000 81.190002 74.472000 0.999965
-26.952999 23.148001 154.227997 -75.594002 -20.334000 -34.272999 156.268005 0.493717 67.901001 15.251000 51.428001 100.639999 -63.282001 81.191002 74.473000 0.999966
-26.941999 23.082001 154.194000 -75.542999 -20.448999 -34.387001 156.268997 0.496328 67.902000 15.251000 51.428001 100.639999 -63.284000 81.190002 74.472000 0.999967
-26.938000 23.056000 154.173004 -75.513000 -20.481001 -34.416000 156.272003 0.499604 67.902000 15.251000 51.428001 100.638000 -63.284000 81.191002 74.474998 0.999967
-26.933001 23.018999 154.156006 -75.462997 -20.541000 -34.459999 156.272995 0.503139 67.901001 15.253000 51.428001 100.639999 -63.284000 81.191002 74.470001 0.999967
-26.917000 22.941999 154.113998 -75.321999 -20.729000 -34.654999 156.279999 0.505755 67.901001 15.253000 51.428001 100.639999 -63.284000 81.191002 74.470001 0.999967
-26.917000 22.941999 154.113998 -75.321999 -20.729000 -34.654999 156.279999 0.508197 67.901001 15.253000 51.428001 100.639999 -63.284000 81.191002 74.472000 0.999968
-26.903999 22.899000 154.091995 -75.252998 -20.856001 -34.784000 156.283005 0.511683 67.901001 15.251000 51.428001 100.640999 -63.284000 81.191002 74.472000 0.999968
-26.878000 22.862000 154.087006 -75.121002 -20.945000 -34.883999 156.287003 0.514621 67.901001 15.251000 51.428001 100.640999 -63.285000 81.190002 74.473000 0.999968
-26.878000 22.862000 154.087006 -75.121002 -20.945000 -34.883999 156.287003 0.518321 67.899002 15.251000 51.428001 100.642998 -63.282001 81.190002 74.473000 0.999968
-26.853001 22.818001 154.087006 -74.987999 -21.129999 -35.050999 156.298996 0.521459 67.901001 15.251000 51.429001 100.642998 -63.284000 81.191002 74.472000 0.999967
-26.827999 22.792000 154.087997 -74.833000 -21.283001 -35.250999 156.309998 0.524753 67.901001 15.253000 51.429001 100.642998 -63.285000 81.190002 74.472000 0.999966
-26.813000 22.781000 154.104996 -74.744003 -21.349001 -35.307999 156.317993 0.528332 67.901001 15.251000 51.428001 100.642998 -63.284000 81.191002 74.472000 0.999965
-26.806000 22.778000 154.130997 -74.667999 -21.393999 -35.337002 156.322998 0.532699 67.901001 15.251000 51.428001 100.640999 -63.284000 81.191002 74.473000 0.999964
-26.794001 22.764999 154.171997 -74.584000 -21.459000 -35.412998 156.324005 0.536787 67.901001 15.251000 51.429001 100.639999 -63.284000 81.190002 74.472000 0.999963
-26.777000 22.757999 154.205002 -74.521004 -21.514999 -35.484001 156.324997 0.541465 67.899002 15.251000 51.428001 100.639999 -63.284000 81.190002 74.473000 0.999961
-26.764000 22.749001 154.242004 -74.444000 -21.601000 -35.576000 156.328003 0.544768 67.901001 15.251000 51.428001 100.640999 -63.284000 81.191002 74.472000 0.999959
-26.739000 22.737000 154.363998 -74.292000 -21.729000 -35.719002 156.339996 0.549909 67.901001 15.253000 51.428001 100.640999 -63.284000 81.190002 74.472000 0.999958
-26.732000 22.733999 154.414993 -74.226997 -21.774000 -35.743999 156.345001 0.554306 67.902000 15.251000 51.428001 100.640999 -63.284000 81.191002 74.472000 0.999956
-26.728001 22.733000 154.440002 -74.190002 -21.795000 -35.758999 156.348999 0.558732 67.901001 15.251000 51.428001 100.640999 -63.284000 81.191002 74.472000 0.999955
-26.714001 22.733000 154.554001 -74.097000 -21.860001 -35.825001 156.352997 0.563579 67.901001 15.253000 51.428001 100.643997 -63.284000 81.190002 74.473000 0.999953
-26.709000 22.733000 154.612000 -74.075996 -21.872000 -35.847000 156.354004 0.567700 67.901001 15.251000 51.428001 100.642998 -63.284000 81.190002 74.470001 0.999951
-26.702000 22.732000 154.688004 -74.025002 -21.902000 -35.893002 156.362000 0.571492 67.901001 15.251000 51.429001 100.640999 -63.284000 81.190002 74.472000 0.999949
-26.698000 22.733000 154.727997 -74.004997 -21.910000 -35.914001 156.363998 0.576215 67.901001 15.251000 51.429001 100.642998 -63.284000 81.191002 74.472000 0.999947
-26.688000 22.738001 154.789993 -73.976997 -21.924000 -35.939999 156.369003 0.581037 67.901001 15.251000 51.428001 100.642998 -63.282001 81.190002 74.472000 0.999945
-26.679001 22.750999 154.848007 -73.944000 -21.938999 -35.955002 156.371002 0.585264 67.901001 15.251000 51.429001 100.640999 -63.284000 81.191002 74.470001 0.999943
-26.672001 22.771000 154.901001 -73.924004 -21.943001 -35.966000 156.371002 0.590043 67.901001 15.251000 51.428001 100.642998 -63.284000 81.190002 74.470001 0.999941
-26.666000 22.792999 154.988998 -73.913002 -21.945000 -35.976002 156.376007 0.595560 67.901001 15.251000 51.428001 100.642998 -63.284000 81.190002 74.470001 0.999939
-26.655001 22.823999 155.076004 -73.910004 -21.945000 -35.980999 156.386002 0.600180 67.901001 15.251000 51.428001 100.642998 -63.284000 81.190002 74.470001 0.999937
-26.650999 22.827999 155.110992 -73.898003 -21.945999 -35.980999 156.389999 0.605676 67.901001 15.251000 51.428001 100.640999 -63.284000 81.190002 74.472000 0.999935
-26.643999 22.834999 155.164001 -73.894997 -21.945999 -35.985001 156.391006 0.611066 67.901001 15.251000 51.428001 100.640999 -63.284000 81.190002 74.472000 0.999931
-26.632000 22.850000 155.251007 -73.864998 -21.943001 -35.985001 156.395004 0.616197 67.901001 15.251000 51.428001 100.642998 -63.282001 81.191002 74.470001 0.999929
-26.632000 22.855000 155.268997 -73.855003 -21.941999 -35.984001 156.393005 0.620709 67.901001 15.251000 51.428001 100.642998 -63.284000 81.190002 74.470001 0.999926
-26.632000 22.858999 155.281998 -73.851997 -21.941000 -35.984001 156.393997 0.624558 67.902000 15.251000 51.428001 100.642998 -63.284000 81.190002 74.470001 0.999924
-26.632000 22.872999 155.311005 -73.849998 -21.927999 -35.985001 156.393997 0.629569 67.902000 15.251000 51.428001 100.642998 -63.284000 81.190002 74.470001 0.999921
-26.632000 22.878000 155.315994 -73.849998 -21.923000 -35.984001 156.395004 0.634941 67.902000 15.251000 51.428001 100.642998 -63.284000 81.191002 74.470001 0.999918
-26.632000 22.921000 155.468002 -73.864998 -21.864000 -35.976002 156.393997 0.638811 67.902000 15.251000 51.428001 100.654999 -63.284000 81.190002 74.470001 0.999915
-26.632000 22.943001 155.518005 -73.890999 -21.839001 -35.959000 156.395004 0.642317 67.901001 15.251000 51.429001 100.651001 -63.284000 81.191002 74.472000 0.999914
-26.632000 22.987000 155.654999 -73.964996 -21.781000 -35.875000 156.397003 0.647143 67.902000 15.251000 51.428001 100.637001 -63.284000 81.190002 74.473000 0.999912
-26.636000 23.020000 155.746994 -74.021004 -21.714001 -35.803001 156.401993 0.651195 67.902000 15.251000 51.428001 100.637001 -63.284000 81.190002 74.473000 0.999910
-26.636000 23.020000 155.746994 -74.021004 -21.714001 -35.803001 156.401993 0.655361 67.899002 15.251000 51.428001 100.638000 -63.284000 81.191002 74.470001 0.999908
-26.650000 23.052999 155.901993 -74.112999 -21.603001 -35.749001 156.421005 0.660139 67.901001 15.251000 51.428001 100.638000 -63.284000 81.190002 74.472000 0.999906
-26.658001 23.080000 155.981995 -74.164001 -21.528999 -35.712002 156.431000 0.664340 67.901001 15.251000 51.428001 100.638000 -63.284000 81.190002 74.470001 0.999905
-26.662001 23.094999 156.009995 -74.192001 -21.479000 -35.687000 156.438004 0.668242 67.901001 15.253000 51.428001 100.637001 -63.284000 81.190002 74.472000 0.999902
-26.672001 23.127001 156.119003 -74.248001 -21.409000 -35.585999 156.445007 0.672499 67.901001 15.251000 51.428001 100.638000 -63.284000 81.191002 74.470001 0.999900
-26.683001 23.153000 156.201996 -74.321999 -21.368000 -35.498001 156.447998 0.677446 67.901001 15.253000 51.428001 100.637001 -63.284000 81.191002 74.473000 0.999896
-26.691000 23.186001 156.276993 -74.392998 -21.323000 -35.400002 156.449997 0.682890 67.901001 15.251000 51.428001 100.639999 -63.282001 81.190002 74.473000 0.999894
-26.691999 23.204000 156.326996 -74.413002 -21.291000 -35.370998 156.449005 0.687129 67.901001 15.253000 51.428001 100.638000 -63.282001 81.190002 74.472000 0.999891
-26.700001 23.223000 156.397003 -74.440002 -21.240000 -35.341000 156.451996 0.692848 67.901001 15.253000 51.429001 100.638000 -63.284000 81.191002 74.474998 0.999889
-26.705000 23.226999 156.434006 -74.466003 -21.205000 -35.325001 156.451996 0.697501 67.901001 15.251000 51.428001 100.638000 -63.282001 81.191002 74.470001 0.999887
-26.721001 23.261999 156.494003 -74.507004 -21.152000 -35.294998 156.453003 0.701751 67.902000 15.251000 51.428001 100.638000 -63.282001 81.190002 74.472000 0.999885
-26.728001 23.281000 156.531006 -74.525002 -21.125000 -35.273998 156.451996 0.704777 67.901001 15.251000 51.428001 100.638000 -63.284000 81.190002 74.473000 0.999885
-26.738001 23.311001 156.589996 -74.555000 -21.077000 -35.226002 156.453995 0.708910 67.902000 15.251000 51.428001 100.638000 -63.284000 81.190002 74.473000 0.999884
-26.747000 23.333000 156.621994 -74.565002 -21.051001 -35.186001 156.453995 0.712489 67.902000 15.251000 51.429001 100.640999 -63.282001 81.191002 74.472000 0.999881
-26.768000 23.395000 156.686996 -74.616997 -20.966000 -35.077999 156.460007 0.715837 67.901001 15.251000 51.429001 100.640999 -63.284000 81.190002 74.470001 0.999880
-26.792000 23.451000 156.750000 -74.667000 -20.923000 -34.983002 156.464996 0.718294 67.902000 15.253000 51.428001 100.639999 -63.282001 81.191002 74.473000 0.999879
-26.802999 23.479000 156.772003 -74.686996 -20.905001 -34.936001 156.466995 0.719529 67.901001 15.253000 51.428001 100.638000 -63.284000 81.191002 74.470001 0.999878
-26.819000 23.535999 156.828003 -74.745003 -20.856001 -34.889000 156.470001 0.722508 67.901001 15.253000 51.428001 100.638000 -63.284000 81.190002 74.472000 0.999876
-26.820999 23.558001 156.848999 -74.771004 -20.834999 -34.874001 156.470993 0.724519 67.901001 15.253000 51.428001 100.638000 -63.284000 81.191002 74.472000 0.999874
-26.834000 23.612000 156.901993 -74.829002 -20.749001 -34.814999 156.472000 0.725188 67.901001 15.253000 51.428001 100.638000 -63.284000 81.191002 74.472000 0.999875
-26.834000 23.612000 156.901993 -74.829002 -20.749001 -34.814999 156.472000 0.726282 67.901001 15.251000 51.428001 100.638000 -63.282001 81.191002 74.470001 0.999873
-26.843000 23.638000 156.923004 -74.859001 -20.707001 -34.779999 156.470993 0.727511 67.901001 15.251000 51.429001 100.638000 -63.284000 81.191002 74.472000 0.999872
-26.849001 23.642000 156.927994 -74.863998 -20.688000 -34.756001 156.472000 0.729622 67.901001 15.251000 51.428001 100.638000 -63.284000 81.188004 74.473000 0.999871
-26.867001 23.667000 156.964996 -74.896004 -20.659000 -34.707001 156.473999 0.730877 67.901001 15.251000 51.428001 100.638000 -63.284000 81.190002 74.473000 0.999870
-26.868999 23.698000 157.005005 -74.949997 -20.599001 -34.627998 156.473999 0.731683 67.901001 15.251000 51.428001 100.637001 -63.284000 81.191002 74.473000 0.999868
-26.879999 23.743999 157.044998 -75.011002 -20.540001 -34.554001 156.475006 0.733435 67.901001 15.251000 51.428001 100.637001 -63.284000 81.190002 74.472000 0.999868
-26.893000 23.788000 157.074997 -75.058998 -20.489000 -34.455002 156.479004 0.736031 67.901001 15.251000 51.428001 100.638000 -63.282001 81.190002 74.474998 0.999868
-26.900000 23.836000 157.108002 -75.120003 -20.433001 -34.397999 156.481003 0.736997 67.902000 15.251000 51.429001 100.637001 -63.284000 81.190002 74.472000 0.999867
-26.912001 23.906000 157.162994 -75.237000 -20.327999 -34.308998 156.481995 0.738230 67.902000 15.251000 51.429001 100.637001 -63.284000 81.190002 74.472000 0.999866
-26.917000 23.937000 157.199005 -75.293999 -20.264999 -34.230000 156.481995 0.740962 67.901001 15.251000 51.429001 100.636002 -63.284000 81.191002 74.474998 0.999866
-26.924000 23.961000 157.225998 -75.342003 -20.212999 -34.173000 156.483002 0.742208 67.901001 15.251000 51.429001 100.638000 -63.284000 81.190002 74.470001 0.999866
-26.934000 24.014000 157.272003 -75.444000 -20.084000 -34.048000 156.481995 0.742521 67.901001 15.251000 51.426998 100.638000 -63.284000 81.190002 74.472000 0.999866
-26.948000 24.091999 157.317993 -75.522003 -20.014999 -33.960999 156.483002 0.744305 67.901001 15.251000 51.428001 100.637001 -63.285000 81.191002 74.472000 0.999866
-26.957001 24.139000 157.343002 -75.568001 -19.948999 -33.917000 156.481995 0.745196 67.901001 15.251000 51.428001 100.638000 -63.285000 81.191002 74.470001 0.999865
-26.962999 24.174000 157.367996 -75.610001 -19.893999 -33.875999 156.481995 0.748647 67.901001 15.251000 51.428001 100.638000 -63.284000 81.191002 74.472000 0.999864
-26.974001 24.212999 157.401993 -75.675003 -19.816999 -33.786999 156.481995 0.747575 67.901001 15.251000 51.429001 100.638000 -63.284000 81.190002 74.470001 0.999864
-26.976999 24.226999 157.408997 -75.694000 -19.791000 -33.751999 156.481995 0.750236 67.901001 15.251000 51.428001 100.638000 -63.284000 81.190002 74.473000 0.999864
-26.990000 24.253000 157.425003 -75.742996 -19.732000 -33.699001 156.483002 0.752514 67.901001 15.251000 51.428001 100.638000 -63.284000 81.190002 74.473000 0.999863
-26.996000 24.259001 157.434006 -75.761002 -19.705000 -33.680000 156.481995 0.751047 67.901001 15.251000 51.428001 100.640999 -63.284000 81.190002 74.470001 0.999863
-27.004999 24.302999 157.479004 -75.837997 -19.632000 -33.574001 156.483002 0.752792 67.901001 15.251000 51.428001 100.640999 -63.284000 81.190002 74.470001 0.999863
-27.016001 24.358999 157.531006 -75.948997 -19.558001 -33.504002 156.481995 0.752338 67.902000 15.253000 51.428001 100.640999 -63.284000 81.190002 74.472000 0.999862
-27.020000 24.379999 157.548004 -75.977997 -19.525999 -33.481998 156.481003 0.752071 67.901001 15.251000 51.428001 100.639999 -63.284000 81.190002 74.472000 0.999862
-27.031000 24.444000 157.604004 -76.056000 -19.423000 -33.394001 156.481003 0.750998 67.901001 15.251000 51.428001 100.639999 -63.284000 81.191002 74.472000 0.999863
-27.035999 24.482000 157.638000 -76.153000 -19.348000 -33.299000 156.479004 0.749437 67.901001 15.253000 51.428001 100.640999 -63.282001 81.190002 74.473000 0.999864
-27.040001 24.507000 157.653000 -76.179001 -19.308001 -33.257999 156.479004 0.749664 67.901001 15.251000 51.428001 100.640999 -63.284000 81.190002 74.473000 0.999864
-27.041000 24.537001 157.666000 -76.220001 -19.261000 -33.199001 156.479004 0.748400 67.901001 15.251000 51.428001 100.640999 -63.284000 81.190002 74.474998 0.999865
-27.041000 24.565001 157.675003 -76.246002 -19.215000 -33.138000 156.475006 0.747218 67.901001 15.251000 51.428001 100.639999 -63.284000 81.190002 74.472000 0.999865
-27.041000 24.622999 157.695007 -76.320999 -19.146000 -33.068001 156.470001 0.747794 67.901001 15.251000 51.428001 100.639999 -63.284000 81.190002 74.472000 0.999866
-27.041000 24.639000 157.707001 -76.360001 -19.127001 -33.049000 156.468002 0.746407 67.901001 15.251000 51.428001 100.639999 -63.284000 81.190002 74.472000 0.999865
-27.041000 24.658001 157.714005 -76.377998 -19.113001 -33.023998 156.466995 0.747127 67.901001 15.253000 51.428001 100.640999 -63.284000 81.190002 74.473000 0.999864
-27.041000 24.680000 157.725006 -76.412003 -19.091999 -32.967999 156.466995 0.746825 67.901001 15.251000 51.429001 100.642998 -63.285000 81.190002 74.470001 0.999863
-27.041000 24.693001 157.729996 -76.430000 -19.080000 -32.919998 156.466995 0.746846 67.902000 15.251000 51.428001 100.642998 -63.284000 81.190002 74.473000 0.999863
-27.049000 24.721001 157.742996 -76.457001 -19.052999 -32.839001 156.464996 0.744847 67.901001 15.251000 51.428001 100.642998 -63.284000 81.190002 74.470001 0.999863
-27.055000 24.740999 157.755005 -76.476997 -19.033001 -32.807999 156.464996 0.745106 67.901001 15.251000 51.426998 100.640999 -63.284000 81.190002 74.472000 0.999863
-27.062000 24.770000 157.781998 -76.507004 -18.992001 -32.714001 156.462997 0.744899 67.902000 15.253000 51.428001 100.640999 -63.284000 81.191002 74.474998 0.999864
-27.077999 24.819000 157.832993 -76.566002 -18.931999 -32.623001 156.459000 0.744390 67.901001 15.251000 51.428001 100.639999 -63.284000 81.191002 74.472000 0.999863
-27.082001 24.833000 157.850998 -76.592003 -18.917999 -32.610001 156.455994 0.745009 67.901001 15.253000 51.429001 100.640999 -63.282001 81.190002 74.473000 0.999863
-27.087999 24.849001 157.865005 -76.611000 -18.902000 -32.588001 156.453003 0.742266 67.901001 15.253000 51.429001 100.640999 -63.282001 81.190002 74.473000 0.999863
-27.101000 24.872999 157.901993 -76.661003 -18.867001 -32.527000 156.447998 0.741441 67.901001 15.251000 51.428001 100.640999 -63.282001 81.190002 74.472000 0.999863
-27.101000 24.872999 157.901993 -76.661003 -18.867001 -32.527000 156.447998 0.741790 67.902000 15.251000 51.428001 100.640999 -63.284000 81.190002 74.475998 0.999863
-27.117001 24.917999 157.942001 -76.707001 -18.820000 -32.386002 156.442993 0.739488 67.899002 15.251000 51.428001 100.639999 -63.284000 81.191002 74.473000 0.999863
-27.125999 24.947001 157.960999 -76.726997 -18.799000 -32.327999 156.445007 0.740205 67.902000 15.251000 51.429001 100.640999 -63.284000 81.190002 74.473000 0.999863
-27.132000 24.966000 157.981995 -76.750000 -18.788000 -32.290001 156.442993 0.741670 67.901001 15.251000 51.428001 100.639999 -63.284000 81.191002 74.473000 0.999863
-27.136999 24.978001 157.994003 -76.754997 -18.781000 -32.254002 156.442993 0.740987 67.901001 15.251000 51.429001 100.640999 -63.284000 81.190002 74.472000 0.999863
-27.148001 24.988001 158.005005 -76.767998 -18.766001 -32.202000 156.442001 0.742226 67.902000 15.253000 51.428001 100.640999 -63.284000 81.190002 74.472000 0.999863
-27.152000 24.992001 158.009995 -76.775002 -18.757000 -32.188999 156.442001 0.742839 67.901001 15.251000 51.428001 100.639999 -63.284000 81.190002 74.473000 0.999864
-27.167000 25.021999 158.042999 -76.803001 -18.731001 -32.139999 156.442993 0.743972 67.901001 15.253000 51.428001 100.639999 -63.282001 81.191002 74.472000 0.999864
-27.181000 25.049999 158.080002 -76.824997 -18.719000 -32.089001 156.442001 0.742104 67.901001 15.251000 51.428001 100.639999 -63.284000 81.191002 74.470001 0.999864
-27.193001 25.063000 158.104996 -76.842003 -18.711000 -32.025002 156.442001 0.740888 67.901001 15.253000 51.428001 100.642998 -63.284000 81.190002 74.472000 0.999863
-27.205999 25.069000 158.112000 -76.846001 -18.705999 -31.975000 156.440994 0.738988 67.901001 15.253000 51.429001 100.640999 -63.284000 81.190002 74.473000 0.999864
-27.211000 25.072001 158.119995 -76.849998 -18.700001 -31.940001 156.436996 0.740114 67.902000 15.253000 51.429001 100.639999 -63.284000 81.190002 74.473000 0.999864
-27.221001 25.083000 158.134003 -76.861000 -18.690001 -31.900000 156.436996 0.738839 67.901001 15.251000 51.428001 100.640999 -63.284000 81.191002 74.472000 0.999865
-27.242001 25.103001 158.149002 -76.874001 -18.680000 -31.826000 156.434998 0.738489 67.901001 15.251000 51.428001 100.640999 -63.284000 81.191002 74.472000 0.999866
-27.247000 25.111000 158.160004 -76.878998 -18.674000 -31.778999 156.432007 0.737393 67.901001 15.251000 51.428001 100.640999 -63.284000 81.190002 74.473000 0.999866
-27.261999 25.128000 158.171005 -76.886002 -18.669001 -31.750999 156.432007 0.734210 67.902000 15.251000 51.428001 100.640999 -63.284000 81.191002 74.472000 0.999865
-27.277000 25.143000 158.188004 -76.889000 -18.664000 -31.726999 156.431000 0.734692 67.902000 15.253000 51.428001 100.640999 -63.284000 81.191002 74.473000 0.999865
-27.316000 25.177000 158.231995 -76.911003 -18.646000 -31.670000 156.419006 0.731445 67.901001 15.251000 51.429001 100.640999 -63.282001 81.190002 74.473000 0.999866
-27.327000 25.190001 158.242004 -76.915001 -18.639000 -31.646999 156.419006 0.728934 67.901001 15.251000 51.428001 100.638000 -63.285000 81.190002 74.472000 0.999866
-27.346001 25.209000 158.270004 -76.926003 -18.627001 -31.565001 156.414993 0.726122 67.901001 15.251000 51.429001 100.639999 -63.282001 81.190002 74.473000 0.999867
-27.353001 25.214001 158.287994 -76.934998 -18.622999 -31.518999 156.412994 0.724807 67.902000 15.253000 51.428001 100.639999 -63.282001 81.190002 74.473000 0.999868
-27.364000 25.225000 158.304001 -76.942001 -18.614000 -31.475000 156.412003 0.723691 67.901001 15.253000 51.428001 100.639999 -63.284000 81.190002 74.472000 0.999867
-27.371000 25.231001 158.315002 -76.949997 -18.608999 -31.458000 156.416000 0.721700 67.901001 15.253000 51.428001 100.639999 -63.284000 81.190002 74.473000 0.999868
-27.386000 25.246000 158.332993 -76.963997 -18.594000 -31.410999 156.412003 0.720622 67.902000 15.253000 51.428001 100.637001 -63.282001 81.190002 74.473000 0.999869
-27.412001 25.264999 158.362000 -76.970001 -18.587999 -31.344999 156.412994 0.718321 67.901001 15.251000 51.428001 100.638000 -63.284000 81.190002 74.473000 0.999869
-27.434999 25.283001 158.389008 -76.973999 -18.583000 -31.291000 156.412994 0.715125 67.901001 15.251000 51.428001 100.637001 -63.284000 81.191002 74.473000 0.999869
-27.471001 25.302000 158.425003 -76.989998 -18.570999 -31.247000 156.408005 0.714170 67.901001 15.251000 51.428001 100.637001 -63.284000 81.191002 74.473000 0.999870
-27.497999 25.315001 158.459000 -77.012001 -18.554001 -31.183001 156.397003 0.713639 67.901001 15.253000 51.429001 100.638000 -63.284000 81.190002 74.473000 0.999870
-27.516001 25.319000 158.475998 -77.014999 -18.549000 -31.138000 156.393005 0.712441 67.901001 15.251000 51.428001 100.638000 -63.284000 81.190002 74.473000 0.999870
-27.555000 25.333000 158.511993 -77.028999 -18.528999 -31.014999 156.375000 0.709461 67.901001 15.251000 51.429001 100.637001 -63.284000 81.190002 74.474998 0.999870
-27.555000 25.333000 158.511993 -77.028999 -18.528999 -31.014999 156.375000 0.708380 67.901001 15.253000 51.429001 100.637001 -63.284000 81.190002 74.472000 0.999870
-27.566999 25.344999 158.535995 -77.041000 -18.513000 -30.929001 156.369003 0.707921 67.901001 15.253000 51.429001 100.637001 -63.284000 81.190002 74.472000 0.999870
-27.577000 25.356001 158.552994 -77.052002 -18.511000 -30.889999 156.367004 0.704743 67.901001 15.251000 51.428001 100.638000 -63.284000 81.190002 74.472000 0.999870
-27.582001 25.361000 158.559998 -77.056000 -18.511000 -30.882000 156.367004 0.702642 67.901001 15.251000 51.428001 100.637001 -63.282001 81.190002 74.473000 0.999871
-27.593000 25.370001 158.570999 -77.067001 -18.511000 -30.872999 156.367996 0.701572 67.901001 15.251000 51.428001 100.637001 -63.282001 81.190002 74.473000 0.999871
-27.597000 25.374001 158.578003 -77.073997 -18.511000 -30.868000 156.367004 0.698382 67.901001 15.251000 51.428001 100.636002 -63.282001 81.190002 74.473000 0.999871
-27.629999 25.386000 158.613007 -77.085999 -18.511000 -30.808001 156.367004 0.693900 67.901001 15.251000 51.428001 100.636002 -63.282001 81.190002 74.473000 0.999871
-27.663000 25.392000 158.634995 -77.096001 -18.511000 -30.719999 156.365005 0.692261 67.901001 15.253000 51.428001 100.637001 -63.282001 81.190002 74.474998 0.999871
-27.684000 25.396999 158.649002 -77.101997 -18.511000 -30.621000 156.363998 0.690197 67.901001 15.251000 51.429001 100.637001 -63.284000 81.190002 74.474998 0.999872
-27.729000 25.408001 158.675995 -77.121002 -18.510000 -30.469999 156.352997 0.684937 67.901001 15.253000 51.428001 100.637001 -63.284000 81.190002 74.473000 0.999872
-27.750999 25.412001 158.682999 -77.127998 -18.506001 -30.406000 156.347000 0.683895 67.901001 15.251000 51.428001 100.637001 -63.284000 81.190002 74.474998 0.999874
-27.781000 25.422001 158.695999 -77.139000 -18.495001 -30.351999 156.341995 0.680485 67.901001 15.251000 51.429001 100.637001 -63.282001 81.190002 74.473000 0.999875
-27.792000 25.429001 158.699997 -77.147003 -18.492001 -30.327000 156.339996 0.676427 67.901001 15.251000 51.428001 100.638000 -63.282001 81.190002 74.474998 0.999875
-27.813000 25.438000 158.710999 -77.158997 -18.492001 -30.216000 156.335007 0.673000 67.899002 15.253000 51.428001 100.638000 -63.284000 81.190002 74.472000 0.999876
-27.827999 25.441999 158.718002 -77.176003 -18.492001 -30.125000 156.332001 0.670476 67.901001 15.253000 51.428001 100.639999 -63.284000 81.191002 74.473000 0.999877
-27.827999 25.441999 158.718002 -77.176003 -18.492001 -30.125000 156.332001 0.668410 67.899002 15.251000 51.428001 100.639999 -63.284000 81.190002 74.473000 0.999877
-27.839001 25.444000 158.718994 -77.195999 -18.499001 -30.032000 156.328995 0.664305 67.901001 15.251000 51.428001 100.640999 -63.284000 81.190002 74.473000 0.999877
-27.857000 25.441999 158.718994 -77.203003 -18.518000 -30.007000 156.328995 0.663412 67.901001 15.251000 51.428001 100.638000 -63.284000 81.190002 74.473000 0.999877
-27.882999 25.438000 158.718994 -77.214996 -18.555000 -29.972000 156.328003 0.660995 67.902000 15.253000 51.428001 100.638000 -63.284000 81.190002 74.473000 0.999878
-27.884001 25.437000 158.718994 -77.218002 -18.570999 -29.959000 156.326996 0.657923 67.901001 15.251000 51.428001 100.638000 -63.284000 81.191002 74.474998 0.999878
-27.892000 25.431000 158.718994 -77.218002 -18.586000 -29.945999 156.326996 0.657057 67.901001 15.251000 51.429001 100.638000 -63.284000 81.190002 74.474998 0.999878
-27.916000 25.419001 158.718994 -77.223999 -18.613001 -29.908001 156.324005 0.656699 67.901001 15.251000 51.428001 100.639999 -63.284000 81.190002 74.474998 0.999878
-27.934000 25.410999 158.714996 -77.235001 -18.627001 -29.878000 156.313995 0.653074 67.902000 15.251000 51.428001 100.642998 -63.284000 81.190002 74.474998 0.999878
-27.938999 25.405001 158.712006 -77.236000 -18.636000 -29.858999 156.309006 0.650718 67.901001 15.251000 51.428001 100.637001 -63.282001 81.190002 74.473000 0.999878
-27.947001 25.396000 158.707001 -77.238998 -18.646000 -29.825001 156.304993 0.648351 67.901001 15.251000 51.429001 100.637001 -63.284000 81.190002 74.473000 0.999878
-27.954000 25.392000 158.703003 -77.239998 -18.649000 -29.813999 156.306000 0.645637 67.902000 15.251000 51.428001 100.636002 -63.284000 81.191002 74.473000 0.999879
-27.968000 25.382000 158.692001 -77.238998 -18.676001 -29.771000 156.302002 0.646135 67.902000 15.251000 51.428001 100.636002 -63.284000 81.191002 74.473000 0.999880
-27.974001 25.374001 158.682999 -77.239998 -18.691000 -29.749001 156.302994 0.644884 67.901001 15.251000 51.428001 100.638000 -63.284000 81.190002 74.473000 0.999880
-27.978001 25.363001 158.679001 -77.238998 -18.704000 -29.742001 156.300995 0.642939 67.901001 15.251000 51.429001 100.638000 -63.284000 81.190002 74.473000 0.999880
-27.993999 25.349001 158.673996 -77.233002 -18.731001 -29.715000 156.294998 0.642828 67.901001 15.251000 51.428001 100.639999 -63.284000 81.190002 74.472000 0.999880
-28.000999 25.327999 158.671997 -77.224998 -18.757000 -29.702000 156.289993 0.642347 67.901001 15.251000 51.428001 100.640999 -63.282001 81.190002 74.473000 0.999880
-28.007999 25.305000 158.662994 -77.214996 -18.782000 -29.697001 156.285995 0.640905 67.901001 15.251000 51.428001 100.639999 -63.284000 81.190002 74.473000 0.999881
-28.014999 25.285999 158.654007 -77.203003 -18.815001 -29.695999 156.281006 0.640298 67.901001 15.251000 51.428001 100.639999 -63.282001 81.190002 74.472000 0.999881
-28.021999 25.280001 158.647995 -77.191002 -18.826000 -29.694000 156.279999 0.639184 67.901001 15.251000 51.428001 100.639999 -63.284000 81.190002 74.472000 0.999884
-28.034000 25.264000 158.634003 -77.172997 -18.848000 -29.694000 156.279999 0.639345 67.899002 15.251000 51.428001 100.639999 -63.284000 81.190002 74.472000 0.999884
-28.039000 25.247000 158.626999 -77.167000 -18.867001 -29.695999 156.279999 0.639171 67.901001 15.251000 51.429001 100.639999 -63.284000 81.191002 74.474998 0.999884
-28.046000 25.236000 158.617004 -77.161003 -18.885000 -29.695999 156.279007 0.637256 67.901001 15.251000 51.428001 100.640999 -63.284000 81.190002 74.474998 0.999885
-28.059000 25.216000 158.602005 -77.148003 -18.917000 -29.695999 156.276993 0.637610 67.901001 15.253000 51.428001 100.640999 -63.282001 81.191002 74.473000 0.999886
-28.070000 25.205000 158.585999 -77.139000 -18.934000 -29.697001 156.276001 0.637662 67.899002 15.253000 51.428001 100.640999 -63.285000 81.190002 74.473000 0.999888
-28.073999 25.180000 158.565002 -77.119003 -18.958000 -29.700001 156.272995 0.637332 67.901001 15.253000 51.428001 100.640999 -63.282001 81.190002 74.473000 0.999888
-28.087999 25.150999 158.542007 -77.085999 -19.000000 -29.729000 156.264999 0.635786 67.902000 15.251000 51.428001 100.640999 -63.284000 81.190002 74.474998 0.999889
-28.091999 25.132000 158.531006 -77.070999 -19.021000 -29.752001 156.261002 0.635581 67.901001 15.251000 51.428001 100.640999 -63.282001 81.190002 74.474998 0.999889
-28.098000 25.111000 158.524002 -77.055000 -19.042999 -29.771000 156.257004 0.633049 67.901001 15.251000 51.428001 100.642998 -63.284000 81.190002 74.474998 0.999889
-28.115999 25.073999 158.501999 -77.015999 -19.079000 -29.812000 156.250000 0.630250 67.901001 15.251000 51.428001 100.640999 -63.284000 81.190002 74.473000 0.999889
-28.120001 25.058001 158.494003 -77.003998 -19.094000 -29.822001 156.248001 0.628291 67.901001 15.251000 51.428001 100.640999 -63.284000 81.190002 74.473000 0.999890
-28.125999 25.040001 158.488007 -76.997002 -19.107000 -29.829000 156.246994 0.626565 67.901001 15.251000 51.428001 100.640999 -63.282001 81.190002 74.474998 0.999889
-28.131001 25.021000 158.472000 -76.982002 -19.131001 -29.849001 156.246002 0.626296 67.899002 15.253000 51.428001 100.639999 -63.284000 81.190002 74.472000 0.999890
-28.141001 25.002001 158.445999 -76.959999 -19.157000 -29.872999 156.242996 0.622992 67.901001 15.251000 51.428001 100.639999 -63.284000 81.190002 74.475998 0.999888
-28.146999 24.990999 158.436996 -76.952003 -19.174999 -29.881001 156.242004 0.620909 67.901001 15.251000 51.428001 100.639999 -63.284000 81.190002 74.475998 0.999888
-28.156000 24.982000 158.427994 -76.939003 -19.215000 -29.889000 156.242004 0.619932 67.901001 15.253000 51.428001 100.639999 -63.284000 81.190002 74.474998 0.999889
-28.171000 24.962999 158.412994 -76.924004 -19.260000 -29.900000 156.240005 0.619923 67.901001 15.251000 51.429001 100.639999 -63.284000 81.190002 74.474998 0.999888
-28.174999 24.955999 158.406998 -76.919998 -19.278999 -29.903999 156.238998 0.618449 67.902000 15.253000 51.428001 100.639999 -63.284000 81.190002 74.474998 0.999888
-28.184999 24.933001 158.391998 -76.907997 -19.305000 -29.914000 156.238998 0.617883 67.902000 15.253000 51.428001 100.639999 -63.284000 81.190002 74.474998 0.999888
-28.195000 24.919001 158.380997 -76.897003 -19.320000 -29.922001 156.235992 0.616210 67.901001 15.251000 51.428001 100.639999 -63.284000 81.190002 74.474998 0.999888
-28.198999 24.915001 158.380005 -76.890999 -19.329000 -29.927999 156.237000 0.615030 67.901001 15.251000 51.428001 100.640999 -63.284000 81.190002 74.473000 0.999888
-28.204000 24.910000 158.378006 -76.887001 -19.334999 -29.931999 156.235992 0.614084 67.899002 15.251000 51.428001 100.639999 -63.284000 81.190002 74.474998 0.999888
-28.218000 24.892000 158.376999 -76.877998 -19.362000 -29.951000 156.233002 0.613779 67.901001 15.253000 51.428001 100.639999 -63.284000 81.191002 74.475998 0.999889
-28.223000 24.877001 158.376007 -76.874001 -19.372999 -29.961000 156.233002 0.612274 67.901001 15.251000 51.428001 100.638000 -63.284000 81.190002 74.472000 0.999890
-28.237000 24.857000 158.360992 -76.863998 -19.407000 -29.990000 156.235001 0.611069 67.901001 15.251000 51.428001 100.639999 -63.284000 81.190002 74.473000 0.999891
-28.243000 24.848000 158.354004 -76.856003 -19.426001 -30.009001 156.235001 0.610743 67.901001 15.251000 51.429001 100.638000 -63.284000 81.190002 74.473000 0.999891
-28.254000 24.813000 158.339005 -76.843002 -19.466999 -30.055000 156.235001 0.610504 67.901001 15.251000 51.429001 100.638000 -63.284000 81.190002 74.473000 0.999891
-28.254000 24.801001 158.322006 -76.830002 -19.492001 -30.079000 156.235001 0.610619 67.901001 15.251000 51.429001 100.637001 -63.284000 81.190002 74.474998 0.999891
-28.254000 24.797001 158.313995 -76.822998 -19.499001 -30.086000 156.231995 0.609854 67.901001 15.251000 51.428001 100.637001 -63.284000 81.191002 74.473000 0.999892
-28.254000 24.785000 158.296005 -76.807999 -19.510000 -30.108000 156.235001 0.610508 67.901001 15.251000 51.428001 100.637001 -63.284000 81.191002 74.475998 0.999892
-28.254000 24.785000 158.296005 -76.807999 -19.510000 -30.108000 156.235001 0.610343 67.901001 15.251000 51.428001 100.638000 -63.284000 81.190002 74.475998 0.999891
-28.254000 24.785000 158.296005 -76.807999 -19.510000 -30.108000 156.235001 0.610827 67.901001 15.251000 51.428001 100.638000 -63.284000 81.190002 74.475998 0.999892
-28.254000 24.785000 158.296005 -76.807999 -19.510000 -30.108000 156.235001 0.611726 67.901001 15.251000 51.428001 100.638000 -63.284000 81.190002 74.475998 0.999892
-28.254000 24.785000 158.296005 -76.807999 -19.510000 -30.108000 156.235001 0.612860 67.901001 15.251000 51.428001 100.638000 -63.284000 81.190002 74.475998 0.999892
-28.254000 24.785000 158.296005 -76.807999 -19.510000 -30.108000 156.235001 0.613743 67.901001 15.251000 51.428001 100.638000 -63.284000 81.190002 74.475998 0.999891
-28.254000 24.785000 158.296005 -76.807999 -19.510000 -30.108000 156.235001 0.614075 67.901001 15.251000 51.428001 100.638000 -63.284000 81.190002 74.475998 0.999892
-28.254000 24.785000 158.296005 -76.807999 -19.510000 -30.108000 156.235001 0.614606 67.901001 15.251000 51.428001 100.638000 -63.284000 81.190002 74.475998 0.999892
-28.254000 24.785000 158.296005 -76.807999 -19.510000 -30.108000 156.235001 0.615808 67.901001 15.251000 51.428001 100.638000 -63.284000 81.190002 74.475998 0.999891
