-30.579456 14.854109 154.575042 -64.978998 -21.906738 -50.915588 154.712339 1.000000 67.906672 15.254798 51.432387 100.641308 -63.286105 81.193882 74.478321 1.000000
-28.797864 16.097777 154.796979 -67.376793 -23.482063 -48.516751 155.640085 1.000000 67.905364 15.253614 51.431768 100.641555 -63.285971 81.192538 74.477293 1.000000
-27.829782 17.092503 155.028721 -68.527219 -23.845419 -47.377802 156.118116 1.000000 67.904712 15.253188 51.431453 100.642026 -63.285968 81.192099 74.477069 1.000000
-27.398599 17.628007 155.205890 -69.599654 -24.073158 -46.280350 156.313408 1.000000 67.904414 15.252989 51.431149 100.642018 -63.285906 81.191773 74.476825 1.000000
-27.099020 18.022306 155.401035 -70.077927 -24.193915 -45.572799 156.453686 1.000000 67.904227 15.252912 51.431018 100.642171 -63.285893 81.191590 74.476774 1.000000
-26.820730 18.330425 155.445688 -70.242585 -24.278546 -45.221454 156.530902 1.000000 67.904088 15.252857 51.430947 100.642376 -63.285904 81.191517 74.476740 1.000000
-26.698779 18.686107 155.669748 -70.840713 -24.132650 -44.637030 156.636355 1.000000 67.903992 15.252746 51.430870 100.642371 -63.285879 81.191355 74.476683 1.000000
-26.676555 18.775968 155.813981 -71.150216 -24.070691 -44.276017 156.651235 1.000000 67.904016 15.252715 51.430821 100.642360 -63.285850 81.191248 74.476600 1.000000
-26.599515 18.962380 155.927682 -71.469170 -24.057014 -43.850617 156.700505 1.000000 67.903958 15.252646 51.430752 100.642361 -63.285823 81.191130 74.476528 1.000000
-26.504965 19.237980 156.087206 -71.713999 -23.955759 -43.562586 156.726338 1.000000 67.903903 15.252596 51.430693 100.642339 -63.285803 81.191044 74.476473 1.000000
-26.438693 19.313380 156.097140 -71.836844 -23.908860 -43.422605 156.751094 1.000000 67.903853 15.252573 51.430659 100.642379 -63.285802 81.190998 74.476439 1.000000
-26.376003 19.408099 156.113371 -71.962654 -23.791736 -43.290358 156.791216 1.000000 67.903814 15.252568 51.430668 100.642445 -63.285816 81.190973 74.476441 1.000000
-26.326452 19.593401 156.205655 -72.087581 -23.718129 -43.071022 156.815770 1.000000 67.903752 15.252537 51.430629 100.642460 -63.285797 81.190932 74.476395 1.000000
-26.278769 19.752053 156.240195 -72.171948 -23.569427 -42.890209 156.824220 1.000000 67.903703 15.252530 51.430610 100.642487 -63.285793 81.190911 74.476367 1.000000
-26.228778 19.946159 156.296242 -72.281914 -23.473678 -42.779292 156.836000 1.000000 67.903663 15.252517 51.430596 100.642531 -63.285790 81.190897 74.476384 1.000000
-26.185263 20.111700 156.318931 -72.463068 -23.361882 -42.574543 156.848758 1.000000 67.903631 15.252505 51.430580 100.642556 -63.285790 81.190867 74.476358 1.000000
-26.128801 20.300950 156.408416 -72.567651 -23.204987 -42.453505 156.856243 1.000000 67.903596 15.252508 51.430557 100.642589 -63.285782 81.190844 74.476341 1.000000
-26.110541 20.399436 156.437662 -72.769895 -23.055483 -42.244109 156.869613 1.000000 67.903605 15.252486 51.430530 100.642570 -63.285767 81.190804 74.476291 1.000000
-26.110969 20.502639 156.432982 -72.955547 -22.967287 -42.068306 156.881776 1.000000 67.903609 15.252467 51.430512 100.642544 -63.285762 81.190774 74.476258 1.000000
-26.057777 20.621202 156.430633 -73.117433 -22.857643 -41.910685 156.895129 1.000000 67.903606 15.252433 51.430503 100.642542 -63.285754 81.190754 74.476224 1.000000
-26.024002 20.761760 156.472275 -73.262870 -22.683226 -41.767990 156.898707 1.000000 67.903610 15.252406 51.430486 100.642523 -63.285740 81.190734 74.476190 1.000000
-26.008081 20.863162 156.504345 -73.400057 -22.592730 -41.655684 156.899595 1.000000 67.903612 15.252398 51.430460 100.642507 -63.285721 81.190712 74.476170 1.000000
-26.005947 20.923412 156.541071 -73.572870 -22.482085 -41.508462 156.895463 1.000000 67.903627 15.252386 51.430431 100.642469 -63.285703 81.190682 74.476131 1.000000
-25.995474 21.062557 156.601624 -73.734047 -22.336872 -41.309244 156.895462 1.000000 67.903619 15.252377 51.430398 100.642463 -63.285683 81.190656 74.476097 1.000000
-25.998475 21.182370 156.676777 -73.890700 -22.187916 -41.157858 156.893114 1.000000 67.903624 15.252375 51.430372 100.642449 -63.285666 81.190630 74.476076 1.000000
-25.999862 21.293720 156.720637 -73.970329 -22.084605 -41.043812 156.889409 1.000000 67.903622 15.252362 51.430357 100.642431 -63.285653 81.190618 74.476048 1.000000
-26.006659 21.376606 156.754805 -74.091918 -21.968518 -40.921732 156.884682 1.000000 67.903623 15.252356 51.430334 100.642404 -63.285636 81.190599 74.476018 1.000000
-26.015664 21.475556 156.796455 -74.218516 -21.848337 -40.785309 156.881804 1.000000 67.903631 15.252337 51.430316 100.642384 -63.285622 81.190587 74.475997 1.000000
-26.016744 21.591371 156.818151 -74.351281 -21.675691 -40.674405 156.884154 1.000000 67.903631 15.252327 51.430304 100.642378 -63.285610 81.190580 74.475985 1.000000
-26.006129 21.691550 156.851911 -74.470597 -21.565718 -40.552824 156.886321 1.000000 67.903633 15.252313 51.430299 100.642383 -63.285601 81.190576 74.475971 1.000000
-25.998535 21.799949 156.883809 -74.571526 -21.466288 -40.436059 156.890254 1.000000 67.903636 15.252301 51.430289 100.642364 -63.285589 81.190556 74.475947 1.000000
-26.000551 21.887022 156.935584 -74.691392 -21.333294 -40.318163 156.884254 1.000000 67.903641 15.252296 51.430279 100.642359 -63.285580 81.190546 74.475933 1.000000
-26.007934 21.983095 156.988845 -74.815224 -21.256351 -40.162001 156.880725 1.000000 67.903638 15.252282 51.430255 100.642337 -63.285567 81.190526 74.475911 1.000000
-26.014327 22.070119 157.033094 -74.944123 -21.156731 -40.013918 156.882761 1.000000 67.903649 15.252272 51.430244 100.642320 -63.285555 81.190513 74.475896 1.000000
-26.028693 22.153664 157.073560 -75.058039 -21.027960 -39.900095 156.881374 1.000000 67.903661 15.252253 51.430234 100.642303 -63.285542 81.190495 74.475877 1.000000
-26.040450 22.196569 157.115627 -75.167748 -20.922786 -39.768755 156.877546 1.000000 67.903672 15.252245 51.430225 100.642282 -63.285528 81.190480 74.475858 1.000000
-26.044680 22.250049 157.165164 -75.278429 -20.835760 -39.651211 156.873108 1.000000 67.903681 15.252234 51.430209 100.642258 -63.285514 81.190465 74.475838 1.000000
-26.057037 22.309067 157.201626 -75.373433 -20.747836 -39.522094 156.872051 1.000000 67.903695 15.252215 51.430200 100.642232 -63.285503 81.190450 74.475825 1.000000
-26.075010 22.359348 157.253146 -75.446582 -20.662047 -39.432661 156.869290 1.000000 67.903718 15.252192 51.430195 100.642189 -63.285485 81.190433 74.475805 1.000000
-26.094283 22.424537 157.315313 -75.533800 -20.610851 -39.297339 156.868267 1.000000 67.903738 15.252176 51.430183 100.642148 -63.285469 81.190417 74.475790 1.000000
-26.123101 22.490351 157.361818 -75.622849 -20.521142 -39.159676 156.864214 1.000000 67.903752 15.252151 51.430178 100.642112 -63.285458 81.190400 74.475774 1.000000
-26.143863 22.569556 157.419876 -75.733165 -20.429862 -39.006974 156.858316 1.000000 67.903764 15.252127 51.430162 100.642072 -63.285442 81.190377 74.475752 1.000000
-26.173514 22.641669 157.471623 -75.819808 -20.332433 -38.863244 156.853992 1.000000 67.903783 15.252106 51.430157 100.642036 -63.285429 81.190359 74.475738 1.000000
-26.197886 22.720833 157.521253 -75.895159 -20.239272 -38.725257 156.847017 1.000000 67.903791 15.252081 51.430144 100.641999 -63.285415 81.190332 74.475711 1.000000
-26.220869 22.792222 157.576378 -75.961434 -20.160220 -38.606275 156.842772 1.000000 67.903806 15.252061 51.430142 100.641961 -63.285402 81.190313 74.475699 1.000000
-26.244459 22.867958 157.630462 -76.042699 -20.069445 -38.471464 156.840349 1.000000 67.903818 15.252035 51.430138 100.641928 -63.285388 81.190291 74.475684 1.000000
-26.272322 22.924923 157.680403 -76.113017 -19.978242 -38.348345 156.833616 1.000000 67.903835 15.252017 51.430135 100.641894 -63.285376 81.190275 74.475669 1.000000
-26.294546 22.990019 157.722777 -76.195987 -19.895753 -38.214541 156.828859 1.000000 67.903848 15.251996 51.430128 100.641858 -63.285363 81.190253 74.475651 1.000000
-26.317422 23.046455 157.780237 -76.252425 -19.837931 -38.101487 156.822099 1.000000 67.903859 15.251980 51.430124 100.641826 -63.285355 81.190237 74.475635 1.000000
-26.348360 23.114517 157.833455 -76.330226 -19.745778 -37.957757 156.813977 1.000000 67.903871 15.251964 51.430114 100.641800 -63.285341 81.190220 74.475622 1.000000
-26.369920 23.186794 157.885229 -76.402529 -19.662860 -37.827401 156.805700 1.000000 67.903885 15.251944 51.430108 100.641770 -63.285330 81.190200 74.475603 1.000000
-26.395877 23.265603 157.937193 -76.470766 -19.597241 -37.675307 156.798632 1.000000 67.903894 15.251924 51.430097 100.641739 -63.285318 81.190180 74.475587 1.000000
-26.417225 23.324976 157.979440 -76.542814 -19.507808 -37.557780 156.795062 1.000000 67.903909 15.251904 51.430093 100.641713 -63.285309 81.190165 74.475574 1.000000
-26.432319 23.389658 158.021646 -76.605461 -19.440427 -37.443975 156.788611 1.000000 67.903920 15.251885 51.430090 100.641684 -63.285299 81.190150 74.475560 1.000000
-26.455516 23.429804 158.057063 -76.662937 -19.365676 -37.331001 156.780051 1.000000 67.903933 15.251864 51.430086 100.641656 -63.285291 81.190135 74.475546 1.000000
-26.473118 23.495626 158.099620 -76.714694 -19.291914 -37.209503 156.777924 1.000000 67.903948 15.251841 51.430084 100.641630 -63.285281 81.190119 74.475531 1.000000
-26.500486 23.551134 158.134637 -76.772654 -19.211263 -37.085881 156.773283 1.000000 67.903963 15.251822 51.430084 100.641605 -63.285270 81.190107 74.475521 1.000000
-26.513914 23.613694 158.167976 -76.831163 -19.116289 -36.969987 156.769633 1.000000 67.903974 15.251798 51.430079 100.641578 -63.285264 81.190090 74.475505 1.000000
-26.539599 23.686787 158.207914 -76.901153 -18.999903 -36.834482 156.760901 1.000000 67.903987 15.251776 51.430078 100.641554 -63.285257 81.190075 74.475496 1.000000
-26.561831 23.739595 158.248628 -76.962291 -18.916549 -36.706413 156.756087 1.000000 67.903997 15.251759 51.430076 100.641531 -63.285250 81.190060 74.475483 1.000000
-26.577603 23.811220 158.298667 -77.016109 -18.829594 -36.592944 156.753000 1.000000 67.904008 15.251741 51.430070 100.641510 -63.285242 81.190044 74.475468 1.000000
-26.604225 23.869311 158.333794 -77.072931 -18.724300 -36.461298 156.745733 1.000000 67.904018 15.251723 51.430068 100.641489 -63.285233 81.190028 74.475453 1.000000
-26.624895 23.921966 158.371153 -77.116232 -18.645106 -36.345139 156.738339 1.000000 67.904027 15.251707 51.430066 100.641472 -63.285227 81.190015 74.475442 1.000000
-26.649504 23.980927 158.411310 -77.164049 -18.568154 -36.201720 156.732641 1.000000 67.904038 15.251689 51.430064 100.641458 -63.285218 81.190006 74.475427 1.000000
-26.675119 24.067054 158.444369 -77.235033 -18.460578 -36.047494 156.726204 1.000000 67.904044 15.251664 51.430055 100.641441 -63.285209 81.189990 74.475409 1.000000
-26.695401 24.123979 158.483086 -77.283947 -18.373187 -35.914026 156.719161 1.000000 67.904056 15.251647 51.430051 100.641425 -63.285201 81.189976 74.475396 1.000000
-26.714452 24.187862 158.521975 -77.339289 -18.278445 -35.788926 156.714331 1.000000 67.904063 15.251628 51.430048 100.641409 -63.285194 81.189961 74.475381 1.000000
-26.739205 24.250592 158.560778 -77.394960 -18.197731 -35.637705 156.706774 1.000000 67.904070 15.251612 51.430041 100.641398 -63.285186 81.189945 74.475364 1.000000
-26.764557 24.320511 158.598032 -77.459954 -18.084781 -35.467410 156.698761 1.000000 67.904077 15.251590 51.430036 100.641386 -63.285177 81.189929 74.475344 1.000000
-26.800431 24.389708 158.642775 -77.514684 -18.000656 -35.272093 156.690091 1.000000 67.904084 15.251578 51.430031 100.641374 -63.285168 81.189918 74.475329 1.000000
-26.826728 24.445629 158.678702 -77.549883 -17.908119 -35.144160 156.684504 1.000000 67.904092 15.251563 51.430023 100.641363 -63.285160 81.189905 74.475310 1.000000
-26.846706 24.526002 158.718431 -77.605772 -17.816538 -34.960892 156.676045 1.000000 67.904095 15.251545 51.430014 100.641351 -63.285151 81.189889 74.475287 1.000000
-26.877241 24.598930 158.753935 -77.669457 -17.710587 -34.782156 156.667384 1.000000 67.904103 15.251527 51.430005 100.641342 -63.285142 81.189874 74.475267 1.000000
-26.903786 24.680372 158.796208 -77.732382 -17.603155 -34.577700 156.661008 1.000000 67.904104 15.251506 51.429996 100.641338 -63.285132 81.189856 74.475240 1.000000
-26.934452 24.766688 158.822062 -77.798045 -17.503634 -34.354819 156.648224 1.000000 67.904113 15.251488 51.429985 100.641336 -63.285126 81.189840 74.475212 1.000000
-26.954392 24.853802 158.852367 -77.847010 -17.394607 -34.147913 156.640806 1.000000 67.904115 15.251462 51.429972 100.641335 -63.285118 81.189821 74.475179 1.000000
-26.980174 24.939900 158.875396 -77.907712 -17.286517 -33.928983 156.631924 1.000000 67.904122 15.251441 51.429958 100.641336 -63.285112 81.189804 74.475145 1.000000
-27.006735 25.018955 158.905275 -77.960581 -17.185155 -33.733102 156.628643 1.000000 67.904121 15.251416 51.429947 100.641330 -63.285106 81.189781 74.475115 1.000000
-27.032160 25.080512 158.925701 -78.003876 -17.102910 -33.544394 156.619148 1.000000 67.904127 15.251401 51.429936 100.641334 -63.285099 81.189764 74.475086 1.000000
-27.048931 25.169375 158.950025 -78.044964 -17.012028 -33.338920 156.610825 1.000000 67.904130 15.251379 51.429921 100.641337 -63.285096 81.189743 74.475052 1.000000
-27.067917 25.229133 158.967974 -78.085116 -16.921124 -33.179623 156.609145 1.000000 67.904130 15.251357 51.429909 100.641334 -63.285089 81.189720 74.475018 1.000000
-27.086700 25.284774 158.982034 -78.124715 -16.857865 -33.002380 156.603272 1.000000 67.904131 15.251337 51.429897 100.641339 -63.285084 81.189701 74.474986 1.000000
-27.109245 25.359257 159.005706 -78.166405 -16.768463 -32.801473 156.599737 1.000000 67.904128 15.251318 51.429881 100.641347 -63.285076 81.189680 74.474956 1.000000
-27.133124 25.432765 159.014988 -78.212214 -16.686264 -32.604484 156.596266 1.000000 67.904122 15.251298 51.429869 100.641351 -63.285068 81.189655 74.474924 1.000000
-27.156345 25.493060 159.023919 -78.253465 -16.598056 -32.422846 156.589121 1.000000 67.904125 15.251278 51.429853 100.641357 -63.285062 81.189634 74.474895 1.000000
-27.169895 25.535484 159.031294 -78.278554 -16.528153 -32.306327 156.580521 1.000000 67.904129 15.251259 51.429843 100.641356 -63.285056 81.189612 74.474865 1.000000
-27.186273 25.577051 159.036940 -78.309332 -16.469895 -32.166302 156.576128 1.000000 67.904127 15.251240 51.429832 100.641359 -63.285051 81.189589 74.474837 1.000000
-27.207884 25.633103 159.037346 -78.346330 -16.394864 -31.984382 156.572183 1.000000 67.904124 15.251221 51.429819 100.641370 -63.285046 81.189564 74.474805 1.000000
-27.224512 25.672579 159.032998 -78.377613 -16.337076 -31.855637 156.566033 1.000000 67.904126 15.251207 51.429811 100.641373 -63.285038 81.189543 74.474782 1.000000
-27.242628 25.717007 159.032031 -78.407060 -16.271530 -31.716829 156.560383 1.000000 67.904127 15.251191 51.429798 100.641378 -63.285032 81.189521 74.474756 1.000000
-27.257295 25.730561 159.006795 -78.428702 -16.235227 -31.603306 156.555985 1.000000 67.904127 15.251177 51.429787 100.641385 -63.285025 81.189497 74.474729 1.000000
-27.274445 25.762876 158.989435 -78.444629 -16.191566 -31.499161 156.549676 1.000000 67.904129 15.251159 51.429775 100.641389 -63.285019 81.189477 74.474704 1.000000
-27.288323 25.771167 158.960664 -78.461883 -16.166626 -31.392307 156.546149 1.000000 67.904129 15.251146 51.429763 100.641397 -63.285011 81.189452 74.474679 1.000000
-27.302134 25.778861 158.934616 -78.486686 -16.134556 -31.298300 156.542721 1.000000 67.904128 15.251130 51.429753 100.641403 -63.285005 81.189428 74.474653 1.000000
-27.309050 25.800410 158.914718 -78.506537 -16.094677 -31.196033 156.539982 1.000000 67.904126 15.251117 51.429740 100.641415 -63.285002 81.189404 74.474625 1.000000
-27.329593 25.796825 158.863274 -78.513665 -16.078159 -31.105388 156.535575 1.000000 67.904134 15.251103 51.429734 100.641428 -63.284995 81.189385 74.474608 1.000000
-27.342409 25.791951 158.826968 -78.524153 -16.060141 -31.020181 156.533342 1.000000 67.904132 15.251090 51.429722 100.641434 -63.284989 81.189365 74.474585 1.000000
-27.359664 25.778425 158.774397 -78.542456 -16.054898 -30.932022 156.528780 1.000000 67.904135 15.251080 51.429715 100.641446 -63.284983 81.189347 74.474566 1.000000
-27.375976 25.744245 158.707492 -78.538548 -16.064682 -30.889792 156.523707 1.000000 67.904140 15.251066 51.429705 100.641455 -63.284977 81.189328 74.474548 1.000000
-27.388762 25.736949 158.654003 -78.531777 -16.068912 -30.826755 156.524091 1.000000 67.904144 15.251054 51.429696 100.641466 -63.284974 81.189308 74.474531 1.000000
-27.387120 25.781635 158.670039 -78.619912 -16.059817 -30.673235 156.526334 1.000000 67.904122 15.251024 51.429678 100.641432 -63.284961 81.189257 74.474501 1.000000
-27.404787 25.804136 158.706510 -78.660535 -16.007766 -30.603462 156.523624 1.000000 67.904126 15.251011 51.429669 100.641399 -63.284954 81.189237 74.474487 1.000000
-27.428213 25.856166 158.734458 -78.703037 -15.960181 -30.487438 156.517543 1.000000 67.904134 15.250994 51.429658 100.641359 -63.284947 81.189214 74.474466 1.000000
-27.453377 25.870544 158.742588 -78.731017 -15.914570 -30.431232 156.510794 1.000000 67.904151 15.250974 51.429656 100.641326 -63.284940 81.189200 74.474450 1.000000
-27.477861 25.928338 158.796290 -78.794858 -15.820217 -30.327790 156.506276 1.000000 67.904160 15.250954 51.429648 100.641279 -63.284931 81.189177 74.474430 1.000000
-27.503604 25.950150 158.816416 -78.847706 -15.790551 -30.237182 156.499154 1.000000 67.904178 15.250933 51.429637 100.641233 -63.284923 81.189160 74.474408 1.000000
-27.526028 25.983666 158.853112 -78.875119 -15.753898 -30.149909 156.491108 1.000000 67.904190 15.250919 51.429630 100.641200 -63.284916 81.189149 74.474392 1.000000
-27.550165 26.016852 158.862889 -78.894128 -15.706997 -30.071641 156.488973 1.000000 67.904198 15.250905 51.429624 100.641169 -63.284910 81.189139 74.474381 1.000000
-27.569096 26.048137 158.888256 -78.930134 -15.668805 -30.001592 156.484801 1.000000 67.904212 15.250887 51.429620 100.641138 -63.284907 81.189133 74.474367 1.000000
-27.594106 26.070075 158.899225 -78.971863 -15.623876 -29.936278 156.480561 1.000000 67.904225 15.250870 51.429614 100.641121 -63.284903 81.189123 74.474354 1.000000
-27.630886 26.099778 158.915563 -79.011436 -15.581325 -29.830101 156.476893 1.000000 67.904240 15.250852 51.429608 100.641091 -63.284896 81.189109 74.474336 1.000000
-27.665802 26.133117 158.936563 -79.047447 -15.545998 -29.737616 156.468645 1.000000 67.904253 15.250830 51.429599 100.641050 -63.284886 81.189094 74.474316 1.000000
-27.695583 26.181183 158.950428 -79.095838 -15.483655 -29.623737 156.463535 1.000000 67.904268 15.250806 51.429590 100.641025 -63.284883 81.189080 74.474299 1.000000
-27.731585 26.196158 158.946500 -79.141768 -15.467203 -29.524528 156.456091 1.000000 67.904288 15.250783 51.429582 100.640991 -63.284875 81.189064 74.474279 1.000000
-27.766896 26.227417 158.967128 -79.190476 -15.429230 -29.411597 156.444701 1.000000 67.904304 15.250763 51.429573 100.640953 -63.284868 81.189052 74.474260 1.000000
-27.802612 26.248068 158.974948 -79.226440 -15.402971 -29.317834 156.439460 1.000000 67.904320 15.250739 51.429562 100.640927 -63.284861 81.189035 74.474240 1.000000
-27.842353 26.292227 158.987380 -79.285989 -15.353130 -29.173572 156.429804 1.000000 67.904334 15.250716 51.429547 100.640895 -63.284855 81.189015 74.474216 1.000000
-27.880581 26.318280 159.013208 -79.339435 -15.296758 -29.051755 156.421502 1.000000 67.904340 15.250697 51.429543 100.640868 -63.284849 81.188997 74.474198 1.000000
-27.920006 26.325449 158.981976 -79.350761 -15.299828 -28.965452 156.414052 1.000000 67.904351 15.250675 51.429538 100.640861 -63.284846 81.188989 74.474184 1.000000
-27.963422 26.346141 158.985579 -79.384253 -15.271915 -28.861166 156.405484 1.000000 67.904362 15.250654 51.429531 100.640842 -63.284840 81.188974 74.474166 1.000000
-27.998373 26.375047 159.004242 -79.428068 -15.228525 -28.736068 156.397867 1.000000 67.904365 15.250633 51.429524 100.640821 -63.284836 81.188956 74.474149 1.000000
-28.040883 26.419897 159.029737 -79.473143 -15.192930 -28.588164 156.391353 1.000000 67.904377 15.250606 51.429523 100.640807 -63.284834 81.188940 74.474130 1.000000
-28.074962 26.424429 159.018692 -79.499856 -15.165185 -28.483911 156.388289 1.000000 67.904384 15.250581 51.429521 100.640808 -63.284831 81.188923 74.474115 1.000000
-28.106632 26.460082 159.016922 -79.557878 -15.118213 -28.354624 156.382409 1.000000 67.904397 15.250550 51.429519 100.640794 -63.284829 81.188906 74.474099 1.000000
-28.141393 26.488081 159.004272 -79.602732 -15.084038 -28.226977 156.376781 1.000000 67.904405 15.250517 51.429516 100.640782 -63.284826 81.188884 74.474081 1.000000
-28.171893 26.494411 158.971230 -79.649557 -15.054100 -28.114786 156.372382 1.000000 67.904415 15.250491 51.429510 100.640782 -63.284823 81.188866 74.474068 1.000000
-28.193604 26.491244 158.945791 -79.682655 -15.070389 -28.030793 156.366944 0.000000 67.904429 15.250459 51.429509 100.640776 -63.284825 81.188856 74.474048 1.000000
-28.215551 26.490331 158.952478 -79.708696 -15.062549 -27.958974 156.358415 0.000000 67.904439 15.250436 51.429507 100.640774 -63.284822 81.188839 74.474034 1.000000
-28.236855 26.488028 158.930048 -79.733899 -15.061983 -27.873693 156.347153 0.000000 67.904451 15.250404 51.429502 100.640766 -63.284822 81.188819 74.474015 1.000000
-28.262670 26.489313 158.941278 -79.766190 -15.055480 -27.785422 156.336712 0.000000 67.904460 15.250381 51.429493 100.640751 -63.284823 81.188796 74.473998 1.000000
-28.281871 26.469023 158.915955 -79.772915 -15.072385 -27.744025 156.323256 0.000000 67.904470 15.250348 51.429487 100.640748 -63.284821 81.188787 74.473984 1.000000
-28.309960 26.454320 158.875704 -79.802699 -15.077400 -27.655762 156.319378 0.000000 67.904483 15.250317 51.429482 100.640747 -63.284823 81.188764 74.473966 1.000000
-28.330171 26.445197 158.828354 -79.800948 -15.089405 -27.601251 156.311763 0.000000 67.904492 15.250291 51.429482 100.640755 -63.284826 81.188757 74.473955 1.000000
-28.349227 26.409750 158.785809 -79.813455 -15.130108 -27.568545 156.304036 0.000000 67.904499 15.250267 51.429476 100.640760 -63.284828 81.188746 74.473941 1.000000
-28.382619 26.389524 158.717442 -79.857521 -15.167827 -27.460487 156.299190 0.000000 67.904512 15.250245 51.429474 100.640794 -63.284834 81.188732 74.473938 1.000000
-28.418791 26.396500 158.635444 -79.878797 -15.170296 -27.380466 156.294080 0.000000 67.904526 15.250222 51.429469 100.640826 -63.284840 81.188718 74.473930 1.000000
-28.438331 26.384720 158.536394 -79.903122 -15.180886 -27.328034 156.295728 0.000000 67.904542 15.250203 51.429460 100.640848 -63.284847 81.188701 74.473918 1.000000
-28.454255 26.396928 158.468405 -79.937942 -15.184882 -27.251471 156.298118 0.000000 67.904547 15.250190 51.429451 100.640879 -63.284853 81.188682 74.473904 1.000000
-28.468988 26.377153 158.378581 -79.945936 -15.199746 -27.221341 156.296077 0.000000 67.904551 15.250182 51.429445 100.640928 -63.284856 81.188671 74.473895 1.000000
-28.492020 26.361125 158.298158 -79.949468 -15.239853 -27.175264 156.299404 0.000000 67.904559 15.250177 51.429446 100.640970 -63.284863 81.188660 74.473893 1.000000
-28.495955 26.305481 158.201510 -79.955371 -15.307716 -27.178710 156.299721 0.000000 67.904574 15.250173 51.429451 100.641016 -63.284870 81.188652 74.473894 1.000000
-28.512309 26.284374 158.140776 -79.981160 -15.323428 -27.129602 156.303816 0.000000 67.904578 15.250173 51.429449 100.641064 -63.284876 81.188639 74.473896 1.000000
-28.524168 26.250989 158.043897 -79.991040 -15.367887 -27.104864 156.306285 0.000000 67.904585 15.250173 51.429450 100.641117 -63.284881 81.188630 74.473894 1.000000
-28.538051 26.203266 157.937225 -80.000142 -15.422328 -27.065641 156.313574 0.000000 67.904599 15.250172 51.429453 100.641175 -63.284885 81.188631 74.473897 1.000000
-28.549539 26.134413 157.815325 -79.998666 -15.484979 -27.096561 156.315845 0.000000 67.904602 15.250173 51.429452 100.641233 -63.284890 81.188626 74.473895 1.000000
-28.563408 26.088604 157.705267 -79.995845 -15.537506 -27.090364 156.321361 0.000000 67.904606 15.250177 51.429446 100.641286 -63.284894 81.188617 74.473892 1.000000
-28.570813 26.011103 157.586939 -79.976579 -15.609864 -27.123078 156.322564 0.000000 67.904611 15.250179 51.429441 100.641340 -63.284896 81.188611 74.473893 1.000000
-28.585746 25.916556 157.395378 -79.964760 -15.702897 -27.150973 156.329374 0.000000 67.904622 15.250179 51.429442 100.641406 -63.284901 81.188605 74.473894 1.000000
-28.596496 25.832779 157.188731 -79.959508 -15.787059 -27.181942 156.336376 0.000000 67.904632 15.250177 51.429437 100.641464 -63.284903 81.188601 74.473892 1.000000
-28.606377 25.736676 156.988273 -79.961776 -15.888148 -27.201112 156.341560 0.000000 67.904641 15.250172 51.429439 100.641522 -63.284908 81.188597 74.473899 1.000000
-28.629910 25.628973 156.775508 -79.944294 -15.984722 -27.276363 156.344994 0.000000 67.904646 15.250172 51.429438 100.641580 -63.284912 81.188594 74.473907 1.000000
-28.644880 25.483320 156.521170 -79.913400 -16.143265 -27.372059 156.350242 0.000000 67.904665 15.250171 51.429448 100.641649 -63.284919 81.188596 74.473922 1.000000
-28.666791 25.377296 156.317470 -79.887420 -16.273658 -27.433048 156.354439 0.000000 67.904681 15.250169 51.429453 100.641722 -63.284928 81.188597 74.473935 1.000000
-28.692817 25.243250 156.073165 -79.857758 -16.435766 -27.519158 156.360091 0.000000 67.904693 15.250170 51.429459 100.641793 -63.284936 81.188598 74.473950 1.000000
-28.716232 25.108708 155.833826 -79.827560 -16.581426 -27.612798 156.364344 0.000000 67.904706 15.250173 51.429467 100.641871 -63.284945 81.188603 74.473966 1.000000
-28.733463 24.976854 155.588531 -79.778909 -16.755096 -27.696585 156.373228 0.000000 67.904715 15.250184 51.429469 100.641947 -63.284953 81.188606 74.473983 1.000000
-28.752378 24.851133 155.345244 -79.729956 -16.915525 -27.786457 156.380006 0.000000 67.904725 15.250192 51.429470 100.642018 -63.284960 81.188615 74.473998 1.000000
-28.778026 24.689635 155.063926 -79.676346 -17.118905 -27.907996 156.383942 0.000000 67.904738 15.250200 51.429475 100.642092 -63.284968 81.188624 74.474017 1.000000
-28.803695 24.548283 154.809788 -79.625129 -17.280953 -28.017752 156.387925 0.000000 67.904747 15.250208 51.429474 100.642162 -63.284977 81.188633 74.474034 1.000000
-28.822469 24.395868 154.507499 -79.562602 -17.493399 -28.135749 156.395972 0.000000 67.904769 15.250211 51.429476 100.642246 -63.284986 81.188646 74.474053 1.000000
-28.842541 24.240099 154.200027 -79.507810 -17.701726 -28.252107 156.401410 0.000000 67.904786 15.250219 51.429479 100.642313 -63.284996 81.188663 74.474074 1.000000
-28.866043 24.104175 153.896979 -79.447516 -17.894153 -28.346055 156.405860 0.000000 67.904798 15.250231 51.429479 100.642388 -63.285005 81.188679 74.474094 1.000000
-28.885155 23.953157 153.593274 -79.385274 -18.092758 -28.477999 156.412135 0.000000 67.904814 15.250248 51.429475 100.642462 -63.285013 81.188704 74.474118 1.000000
-28.898566 23.807473 153.311743 -79.313484 -18.292556 -28.619539 156.416917 0.000000 67.904827 15.250267 51.429476 100.642524 -63.285020 81.188727 74.474137 1.000000
-28.906502 23.632164 152.990821 -79.223153 -18.516439 -28.785247 156.422555 0.000000 67.904848 15.250282 51.429478 100.642607 -63.285030 81.188757 74.474165 1.000000
-28.918611 23.494612 152.710668 -79.139097 -18.706534 -28.925425 156.425242 0.000000 67.904861 15.250296 51.429478 100.642674 -63.285036 81.188786 74.474191 1.000000
-28.929383 23.361234 152.436738 -79.074191 -18.879140 -29.042518 156.429933 0.000000 67.904872 15.250314 51.429474 100.642733 -63.285043 81.188810 74.474215 1.000000
-28.933040 23.220368 152.169473 -78.991369 -19.073574 -29.190574 156.435615 0.000000 67.904889 15.250331 51.429478 100.642800 -63.285050 81.188844 74.474241 1.000000
-28.925297 23.067874 151.885070 -78.891870 -19.274767 -29.368172 156.439818 0.000000 67.904901 15.250348 51.429477 100.642866 -63.285058 81.188876 74.474269 1.000000
-28.922685 22.935558 151.580892 -78.799374 -19.480789 -29.516254 156.450263 0.000000 67.904921 15.250363 51.429482 100.642939 -63.285069 81.188910 74.474300 1.000000
-28.922494 22.811594 151.296527 -78.703305 -19.682308 -29.664417 156.455498 0.000000 67.904934 15.250381 51.429485 100.643015 -63.285078 81.188948 74.474333 1.000000
-28.913937 22.692167 151.053158 -78.618610 -19.856418 -29.809346 156.460689 0.000000 67.904948 15.250402 51.429487 100.643078 -63.285085 81.188985 74.474363 1.000000
-28.905901 22.547063 150.766036 -78.524964 -20.056206 -29.993783 156.467867 0.000000 67.904963 15.250425 51.429492 100.643144 -63.285095 81.189024 74.474399 1.000000
-28.889841 22.430706 150.537058 -78.419695 -20.252185 -30.167949 156.473172 0.000000 67.904977 15.250451 51.429496 100.643218 -63.285101 81.189067 74.474430 1.000000
-28.878570 22.304763 150.317915 -78.325647 -20.435691 -30.329305 156.478078 0.000000 67.904990 15.250478 51.429500 100.643276 -63.285110 81.189104 74.474468 1.000000
-28.863090 22.188452 150.113627 -78.219591 -20.610904 -30.502802 156.485246 0.000000 67.905003 15.250510 51.429498 100.643352 -63.285117 81.189147 74.474500 1.000000
-28.843667 22.054782 149.869019 -78.100591 -20.807054 -30.704412 156.491615 0.000000 67.905016 15.250541 51.429505 100.643427 -63.285130 81.189192 74.474540 1.000000
-28.822980 21.929660 149.648491 -77.975388 -21.002266 -30.907575 156.500933 0.000000 67.905028 15.250574 51.429507 100.643495 -63.285136 81.189237 74.474575 1.000000
-28.795475 21.824486 149.450099 -77.857624 -21.163982 -31.116461 156.506701 0.000000 67.905040 15.250607 51.429512 100.643563 -63.285146 81.189279 74.474607 1.000000
-28.765961 21.698086 149.255502 -77.702678 -21.365944 -31.349683 156.511726 0.000000 67.905051 15.250638 51.429512 100.643635 -63.285152 81.189320 74.474642 1.000000
-28.728735 21.560384 149.047807 -77.553961 -21.575047 -31.602644 156.517577 0.000000 67.905061 15.250674 51.429514 100.643705 -63.285164 81.189366 74.474679 1.000000
-28.701647 21.464113 148.861257 -77.441392 -21.724296 -31.779412 156.527295 0.000000 67.905069 15.250704 51.429512 100.643770 -63.285172 81.189401 74.474710 1.000000
-28.665693 21.360633 148.685626 -77.296008 -21.893505 -32.006996 156.533463 0.000000 67.905078 15.250739 51.429514 100.643836 -63.285181 81.189443 74.474744 1.000000
-28.624697 21.245306 148.504502 -77.119648 -22.101127 -32.273863 156.540851 0.000000 67.905089 15.250767 51.429516 100.643901 -63.285190 81.189488 74.474779 1.000000
-28.579142 21.138683 148.385463 -76.957394 -22.279770 -32.538095 156.547837 0.000000 67.905093 15.250811 51.429514 100.643969 -63.285196 81.189529 74.474814 1.000000
-28.530395 21.028779 148.220768 -76.787554 -22.466721 -32.802759 156.555925 0.000000 67.905099 15.250851 51.429512 100.644049 -63.285208 81.189575 74.474849 1.000000
-28.477392 20.924814 148.075575 -76.598345 -22.646107 -33.073804 156.567052 0.000000 67.905105 15.250895 51.429512 100.644133 -63.285222 81.189623 74.474890 1.000000
-28.424418 20.833221 147.949191 -76.427559 -22.816119 -33.330022 156.574269 0.000000 67.905108 15.250940 51.429513 100.644209 -63.285234 81.189668 74.474925 1.000000
-28.369744 20.743131 147.812687 -76.244054 -22.995858 -33.579286 156.579963 0.000000 67.905111 15.250986 51.429509 100.644296 -63.285244 81.189718 74.474961 1.000000
-28.307029 20.641011 147.692238 -76.041411 -23.189941 -33.875046 156.585073 0.000000 67.905118 15.251028 51.429508 100.644375 -63.285255 81.189766 74.475000 1.000000
-28.229120 20.527856 147.584232 -75.812892 -23.398417 -34.191849 156.591143 0.000000 67.905127 15.251075 51.429510 100.644460 -63.285266 81.189821 74.475040 1.000000
-28.156616 20.427687 147.495497 -75.613623 -23.575422 -34.501851 156.596070 0.000000 67.905133 15.251128 51.429510 100.644546 -63.285279 81.189867 74.475081 1.000000
-28.084614 20.330457 147.394964 -75.416864 -23.754162 -34.800536 156.601966 0.000000 67.905137 15.251176 51.429507 100.644622 -63.285289 81.189916 74.475119 1.000000
-27.994044 20.214327 147.313929 -75.162646 -23.978752 -35.153594 156.601342 0.000000 67.905142 15.251225 51.429509 100.644709 -63.285301 81.189970 74.475161 1.000000
-27.904288 20.117329 147.247373 -74.913474 -24.197462 -35.492664 156.602724 0.000000 67.905146 15.251276 51.429506 100.644793 -63.285310 81.190019 74.475199 1.000000
-27.823325 20.029611 147.198104 -74.681711 -24.376894 -35.816530 156.602418 0.000000 67.905146 15.251334 51.429501 100.644869 -63.285320 81.190061 74.475236 1.000000
-27.735279 19.938427 147.108845 -74.470097 -24.546206 -36.134849 156.606669 0.000000 67.905146 15.251386 51.429494 100.644955 -63.285332 81.190106 74.475278 1.000000
-27.635831 19.832453 147.043545 -74.210637 -24.767024 -36.519153 156.608360 0.000000 67.905150 15.251438 51.429492 100.645035 -63.285343 81.190155 74.475318 1.000000
-27.525974 19.737240 146.988731 -73.919102 -24.988052 -36.920094 156.607536 0.000000 67.905152 15.251487 51.429490 100.645118 -63.285352 81.190205 74.475359 1.000000
-27.411068 19.628476 146.964442 -73.611374 -25.231552 -37.335048 156.604757 0.000000 67.905153 15.251544 51.429486 100.645191 -63.285363 81.190254 74.475393 1.000000
-27.301138 19.540069 146.920839 -73.316843 -25.442725 -37.746516 156.602782 0.000000 67.905159 15.251600 51.429484 100.645267 -63.285373 81.190300 74.475428 1.000000
-27.185286 19.462566 146.892636 -73.030453 -25.631114 -38.137463 156.602326 0.000000 67.905158 15.251653 51.429479 100.645349 -63.285387 81.190345 74.475463 1.000000
-27.056476 19.354665 146.881746 -72.743880 -25.853076 -38.561590 156.599164 0.000000 67.905158 15.251711 51.429473 100.645428 -63.285398 81.190394 74.475502 1.000000
-26.927317 19.251226 146.864806 -72.430134 -26.070199 -39.005079 156.596446 0.000000 67.905160 15.251771 51.429464 100.645508 -63.285409 81.190437 74.475540 1.000000
-26.782812 19.152494 146.858882 -72.089934 -26.302909 -39.455831 156.590868 0.000000 67.905155 15.251828 51.429460 100.645591 -63.285423 81.190483 74.475577 1.000000
-26.634539 19.042268 146.839502 -71.730048 -26.558638 -39.966615 156.584485 0.000000 67.905155 15.251886 51.429456 100.645668 -63.285437 81.190532 74.475616 1.000000
-26.486682 18.950397 146.819486 -71.378436 -26.799186 -40.446388 156.581500 0.000000 67.905160 15.251947 51.429449 100.645751 -63.285451 81.190577 74.475650 1.000000
-26.339178 18.871143 146.828694 -71.048234 -26.998379 -40.919350 156.576201 0.000000 67.905154 15.252009 51.429441 100.645838 -63.285466 81.190621 74.475687 1.000000
-26.189572 18.786912 146.813820 -70.696376 -27.215342 -41.391200 156.569848 0.000000 67.905148 15.252068 51.429430 100.645919 -63.285481 81.190668 74.475727 1.000000
-26.032591 18.674727 146.822781 -70.344474 -27.469001 -41.904977 156.563014 0.000000 67.905150 15.252133 51.429424 100.645995 -63.285496 81.190713 74.475762 1.000000
-25.875271 18.577073 146.812621 -69.986432 -27.703747 -42.409661 156.555608 0.000000 67.905147 15.252192 51.429415 100.646083 -63.285511 81.190756 74.475799 1.000000
-25.689306 18.475897 146.825451 -69.594180 -27.957811 -42.985831 156.546416 0.000000 67.905148 15.252260 51.429410 100.646167 -63.285531 81.190802 74.475838 1.000000
-25.507810 18.358573 146.841546 -69.178687 -28.218078 -43.584276 156.538710 0.000000 67.905141 15.252329 51.429399 100.646242 -63.285548 81.190850 74.475877 1.000000
-25.326667 18.271477 146.864871 -68.767696 -28.457010 -44.164647 156.528282 0.000000 67.905135 15.252395 51.429395 100.646334 -63.285565 81.190895 74.475915 1.000000
-25.130898 18.164072 146.889059 -68.339635 -28.728049 -44.781545 156.514135 0.000000 67.905130 15.252463 51.429387 100.646426 -63.285583 81.190941 74.475955 1.000000
-24.940856 18.063015 146.932176 -67.914652 -28.987567 -45.368458 156.502681 0.000000 67.905125 15.252534 51.429381 100.646516 -63.285601 81.190991 74.475993 1.000000
-24.754464 17.959784 146.936508 -67.502825 -29.222756 -45.949174 156.490817 0.000000 67.905121 15.252604 51.429376 100.646607 -63.285621 81.191039 74.476036 1.000000
-24.552240 17.846297 146.959365 -67.058815 -29.493228 -46.579088 156.476307 0.000000 67.905120 15.252669 51.429373 100.646701 -63.285639 81.191091 74.476081 1.000000
-24.354175 17.737348 146.980776 -66.611694 -29.758723 -47.193189 156.460559 0.000000 67.905120 15.252740 51.429368 100.646796 -63.285659 81.191143 74.476126 1.000000
-24.126110 17.620453 147.040771 -66.126828 -30.043040 -47.866501 156.444612 0.000000 67.905115 15.252814 51.429365 100.646899 -63.285679 81.191195 74.476172 1.000000
-23.925294 17.519311 147.078705 -65.670615 -30.294439 -48.484480 156.424169 0.000000 67.905105 15.252889 51.429362 100.646992 -63.285697 81.191246 74.476211 1.000000
-23.712109 17.410276 147.120712 -65.189946 -30.561668 -49.130456 156.404312 0.000000 67.905100 15.252964 51.429362 100.647094 -63.285716 81.191294 74.476257 1.000000
-23.501796 17.296491 147.174730 -64.709352 -30.830677 -49.794552 156.380679 0.000000 67.905094 15.253039 51.429362 100.647185 -63.285733 81.191342 74.476299 1.000000
-23.288956 17.192524 147.225067 -64.210343 -31.104658 -50.459032 156.354334 0.000000 67.905086 15.253120 51.429362 100.647287 -63.285751 81.191392 74.476342 1.000000
-23.057700 17.070349 147.291227 -63.661422 -31.407949 -51.196113 156.324813 0.000000 67.905076 15.253204 51.429363 100.647390 -63.285770 81.191440 74.476388 1.000000
-22.834416 16.961141 147.359234 -63.159013 -31.686630 -51.884114 156.296358 0.000000 67.905068 15.253287 51.429363 100.647485 -63.285788 81.191485 74.476430 1.000000
-22.608949 16.845001 147.407529 -62.617341 -31.995682 -52.589376 156.264758 0.000000 67.905060 15.253369 51.429366 100.647583 -63.285809 81.191532 74.476475 1.000000
-22.388964 16.743800 147.460652 -62.085297 -32.270553 -53.274921 156.233643 0.000000 67.905053 15.253447 51.429372 100.647679 -63.285829 81.191577 74.476519 1.000000
-22.149593 16.626488 147.521442 -61.524633 -32.581470 -54.018687 156.199120 0.000000 67.905047 15.253531 51.429383 100.647785 -63.285852 81.191630 74.476570 1.000000
-21.914183 16.516718 147.565858 -60.976241 -32.857809 -54.757350 156.163786 0.000000 67.905043 15.253615 51.429393 100.647887 -63.285876 81.191680 74.476620 1.000000
-21.671629 16.423889 147.616819 -60.421047 -33.129277 -55.469961 156.129802 0.000000 67.905044 15.253702 51.429405 100.647992 -63.285899 81.191731 74.476671 1.000000
-21.433937 16.316711 147.683693 -59.890207 -33.400633 -56.199187 156.091584 0.000000 67.905040 15.253788 51.429419 100.648098 -63.285923 81.191779 74.476723 1.000000
-21.177003 16.191765 147.732569 -59.323664 -33.688309 -56.945038 156.054012 0.000000 67.905050 15.253866 51.429441 100.648209 -63.285952 81.191829 74.476781 1.000000
-20.950942 16.119538 147.747710 -58.828373 -33.889689 -57.581931 156.020849 0.000000 67.905042 15.253936 51.429461 100.648310 -63.285975 81.191873 74.476833 1.000000
-20.743812 16.108683 147.736840 -58.440778 -34.006235 -58.050722 155.993588 0.000000 67.905016 15.254001 51.429473 100.648392 -63.285989 81.191908 74.476847 1.000000
-20.524876 16.077158 147.720082 -57.985771 -34.127375 -58.542449 155.962795 0.000000 67.904988 15.254054 51.429487 100.648476 -63.286002 81.191945 74.476876 1.000000
-20.276594 16.005652 147.716613 -57.424096 -34.321673 -59.180001 155.928570 0.000000 67.904951 15.254114 51.429505 100.648570 -63.286016 81.191994 74.476923 1.000000
-20.034890 15.959452 147.710772 -56.873155 -34.494907 -59.792851 155.891837 0.000000 67.904914 15.254167 51.429522 100.648654 -63.286027 81.192040 74.476964 1.000000
-19.794640 15.942072 147.659967 -56.318638 -34.628710 -60.364421 155.858400 0.000000 67.904890 15.254217 51.429543 100.648722 -63.286040 81.192085 74.476997 1.000000
-19.568339 15.924080 147.599683 -55.826564 -34.752432 -60.897173 155.823989 0.000000 67.904856 15.254270 51.429558 100.648794 -63.286055 81.192129 74.477013 1.000000
-19.356971 15.915198 147.541465 -55.366065 -34.874234 -61.413937 155.790468 0.000000 67.904822 15.254331 51.429571 100.648860 -63.286066 81.192178 74.477026 1.000000
-19.148409 15.899234 147.476910 -54.913552 -34.976155 -61.911031 155.758291 0.000000 67.904796 15.254386 51.429591 100.648928 -63.286082 81.192224 74.477046 1.000000
-18.935051 15.884325 147.421203 -54.427927 -35.082097 -62.438539 155.724739 0.000000 67.904768 15.254445 51.429603 100.648994 -63.286092 81.192270 74.477060 1.000000
-18.743507 15.881957 147.357152 -53.994121 -35.177110 -62.895008 155.693735 0.000000 67.904746 15.254505 51.429623 100.649059 -63.286104 81.192314 74.477079 1.000000
-18.535834 15.880476 147.267822 -53.547534 -35.256192 -63.360227 155.657975 0.000000 67.904731 15.254556 51.429646 100.649125 -63.286119 81.192361 74.477097 1.000000
-18.330343 15.894325 147.163020 -53.104687 -35.330817 -63.790984 155.624201 0.000000 67.904712 15.254603 51.429668 100.649196 -63.286133 81.192408 74.477112 1.000000
-18.124902 15.915554 147.050832 -52.635512 -35.392871 -64.218986 155.589062 0.000000 67.904688 15.254653 51.429689 100.649266 -63.286148 81.192453 74.477124 1.000000
-17.937283 15.953319 146.939805 -52.213355 -35.435143 -64.586022 155.554466 0.000000 67.904656 15.254709 51.429704 100.649334 -63.286160 81.192493 74.477137 1.000000
-17.770124 15.974535 146.842674 -51.827033 -35.498488 -64.929821 155.519073 0.000000 67.904632 15.254761 51.429723 100.649403 -63.286172 81.192534 74.477154 1.000000
-17.608728 15.992305 146.753066 -51.464927 -35.563065 -65.256650 155.484678 0.000000 67.904611 15.254822 51.429740 100.649465 -63.286180 81.192573 74.477167 1.000000
-17.463728 16.030639 146.651903 -51.131928 -35.613073 -65.524860 155.447421 0.000000 67.904587 15.254873 51.429758 100.649523 -63.286187 81.192611 74.477179 1.000000
-17.299114 16.044483 146.533155 -50.765862 -35.664798 -65.843578 155.411099 0.000000 67.904568 15.254922 51.429779 100.649585 -63.286195 81.192661 74.477190 1.000000
-17.150662 16.059765 146.425639 -50.425490 -35.730433 -66.155881 155.374521 0.000000 67.904552 15.254985 51.429792 100.649630 -63.286198 81.192711 74.477195 1.000000
-17.020052 16.088681 146.326529 -50.102486 -35.812605 -66.413227 155.343601 0.000000 67.904529 15.255024 51.429809 100.649674 -63.286200 81.192755 74.477203 1.000000
-16.888249 16.109142 146.215722 -49.769361 -35.881863 -66.678972 155.309957 0.000000 67.904510 15.255068 51.429820 100.649715 -63.286200 81.192797 74.477210 1.000000
-16.747125 16.127656 146.091623 -49.422556 -35.956993 -66.955839 155.278694 0.000000 67.904500 15.255109 51.429843 100.649762 -63.286205 81.192851 74.477225 1.000000
-16.604691 16.172610 145.965376 -49.079265 -36.018735 -67.236967 155.248165 0.000000 67.904479 15.255155 51.429862 100.649816 -63.286213 81.192898 74.477238 1.000000
-16.478505 16.196698 145.850315 -48.775431 -36.097216 -67.454859 155.217556 0.000000 67.904460 15.255204 51.429878 100.649857 -63.286216 81.192940 74.477250 1.000000
-16.334564 16.235041 145.723816 -48.446619 -36.182182 -67.678055 155.180772 0.000000 67.904441 15.255259 51.429899 100.649910 -63.286218 81.192984 74.477262 1.000000
-16.176581 16.280510 145.597711 -48.105681 -36.281379 -67.924631 155.140236 0.000000 67.904417 15.255309 51.429924 100.649957 -63.286220 81.193030 74.477274 1.000000
-16.063922 16.317099 145.501916 -47.823823 -36.384299 -68.121394 155.108042 0.000000 67.904399 15.255346 51.429949 100.650002 -63.286226 81.193072 74.477289 1.000000
-15.949273 16.349236 145.407940 -47.550582 -36.471620 -68.310280 155.075141 0.000000 67.904385 15.255384 51.429969 100.650045 -63.286228 81.193114 74.477302 1.000000
-15.847998 16.412264 145.297598 -47.272722 -36.524166 -68.448835 155.043664 0.000000 67.904370 15.255419 51.429996 100.650089 -63.286238 81.193151 74.477319 1.000000
-15.744495 16.455385 145.211725 -47.008005 -36.613585 -68.606677 155.009391 0.000000 67.904356 15.255454 51.430022 100.650138 -63.286247 81.193193 74.477342 1.000000
-15.655461 16.504603 145.127362 -46.783039 -36.675852 -68.740376 154.980604 0.000000 67.904344 15.255492 51.430046 100.650183 -63.286257 81.193232 74.477362 1.000000
-15.544725 16.545596 145.042960 -46.510202 -36.769702 -68.913307 154.946399 0.000000 67.904328 15.255540 51.430073 100.650229 -63.286267 81.193276 74.477383 1.000000
-15.446849 16.586276 144.960625 -46.287276 -36.841681 -69.059510 154.924524 0.000000 67.904316 15.255582 51.430099 100.650277 -63.286278 81.193312 74.477405 1.000000
-15.364087 16.634737 144.884151 -46.047650 -36.918155 -69.176647 154.898203 0.000000 67.904305 15.255622 51.430124 100.650316 -63.286290 81.193348 74.477422 1.000000
-15.262047 16.678139 144.801503 -45.783673 -36.997234 -69.348854 154.871337 0.000000 67.904290 15.255668 51.430154 100.650361 -63.286301 81.193385 74.477444 1.000000
-15.170755 16.714094 144.752139 -45.520123 -37.084274 -69.532402 154.843819 0.000000 67.904276 15.255704 51.430175 100.650392 -63.286310 81.193413 74.477460 1.000000
-15.073523 16.742878 144.701033 -45.262547 -37.166442 -69.700874 154.817860 0.000000 67.904266 15.255741 51.430202 100.650430 -63.286321 81.193442 74.477483 1.000000
-14.991121 16.778823 144.649667 -45.017933 -37.237849 -69.853359 154.795083 0.000000 67.904256 15.255768 51.430228 100.650455 -63.286331 81.193469 74.477499 1.000000
-14.906836 16.821816 144.607822 -44.753669 -37.320493 -70.009591 154.769611 0.000000 67.904243 15.255790 51.430251 100.650479 -63.286339 81.193490 74.477514 1.000000
-14.839306 16.864156 144.563390 -44.504161 -37.367784 -70.148162 154.744450 0.000000 67.904229 15.255814 51.430273 100.650499 -63.286348 81.193512 74.477528 1.000000
-14.768534 16.917060 144.518707 -44.233927 -37.428723 -70.304565 154.717891 0.000000 67.904216 15.255837 51.430296 100.650515 -63.286353 81.193535 74.477538 1.000000
-14.697077 16.968371 144.474084 -43.965360 -37.487378 -70.451307 154.690826 0.000000 67.904199 15.255860 51.430321 100.650528 -63.286359 81.193557 74.477551 1.000000
-14.632186 17.019374 144.446411 -43.675284 -37.565256 -70.598321 154.662084 0.000000 67.904185 15.255875 51.430337 100.650527 -63.286361 81.193567 74.477558 1.000000
-14.556254 17.083397 144.381753 -43.370280 -37.605715 -70.746665 154.628226 0.000000 67.904169 15.255898 51.430361 100.650531 -63.286368 81.193587 74.477571 1.000000
-14.481856 17.142027 144.345719 -43.069387 -37.671413 -70.901888 154.597617 0.000000 67.904150 15.255918 51.430382 100.650536 -63.286372 81.193606 74.477581 1.000000
-14.403204 17.211690 144.298613 -42.779622 -37.726552 -71.053388 154.565655 0.000000 67.904132 15.255946 51.430411 100.650553 -63.286378 81.193628 74.477600 1.000000
-14.327669 17.268612 144.258085 -42.482571 -37.785475 -71.221078 154.538329 0.000000 67.904116 15.255970 51.430437 100.650562 -63.286385 81.193651 74.477615 1.000000
-14.252603 17.334205 144.197024 -42.179365 -37.820611 -71.380471 154.503495 0.000000 67.904097 15.256003 51.430467 100.650574 -63.286394 81.193675 74.477633 1.000000
-14.177132 17.396088 144.140070 -41.891049 -37.858027 -71.513359 154.471355 0.000000 67.904082 15.256033 51.430498 100.650588 -63.286402 81.193699 74.477648 1.000000
-14.096982 17.456053 144.085816 -41.593568 -37.908540 -71.679301 154.439931 0.000000 67.904064 15.256068 51.430532 100.650601 -63.286411 81.193726 74.477668 1.000000
-14.028145 17.511661 144.041187 -41.311680 -37.962541 -71.826273 154.404462 0.000000 67.904047 15.256100 51.430564 100.650614 -63.286421 81.193749 74.477684 1.000000
-13.951378 17.555143 144.008555 -40.997851 -38.032442 -72.027069 154.365025 0.000000 67.904032 15.256132 51.430596 100.650615 -63.286426 81.193770 74.477698 1.000000
-13.895746 17.599062 143.986430 -40.726190 -38.091720 -72.185657 154.328098 0.000000 67.904020 15.256157 51.430625 100.650608 -63.286432 81.193785 74.477708 1.000000
-13.849091 17.633694 143.968102 -40.482614 -38.123848 -72.323722 154.294447 0.000000 67.904010 15.256186 51.430653 100.650602 -63.286438 81.193799 74.477713 1.000000
-13.789707 17.676932 143.937871 -40.192680 -38.162996 -72.500987 154.258455 0.000000 67.904005 15.256216 51.430686 100.650599 -63.286444 81.193812 74.477726 1.000000
-13.726304 17.719436 143.906067 -39.904792 -38.214441 -72.656865 154.220869 0.000000 67.903995 15.256245 51.430720 100.650595 -63.286454 81.193827 74.477740 1.000000
-13.674072 17.764235 143.866653 -39.628073 -38.257841 -72.802577 154.189298 0.000000 67.903988 15.256267 51.430749 100.650586 -63.286459 81.193835 74.477746 1.000000
-13.616920 17.806063 143.831791 -39.344797 -38.294225 -72.964746 154.156324 0.000000 67.903976 15.256287 51.430776 100.650572 -63.286461 81.193843 74.477754 1.000000
-13.567175 17.845329 143.795285 -39.077129 -38.340876 -73.111528 154.121637 0.000000 67.903968 15.256310 51.430803 100.650557 -63.286464 81.193851 74.477759 1.000000
-13.532296 17.880531 143.778760 -38.823179 -38.395915 -73.261128 154.084475 0.000000 67.903958 15.256337 51.430827 100.650535 -63.286467 81.193855 74.477761 1.000000
-13.477837 17.930078 143.734781 -38.543615 -38.448562 -73.395942 154.050542 0.000000 67.903953 15.256356 51.430865 100.650536 -63.286472 81.193871 74.477773 1.000000
-13.419375 17.977987 143.684232 -38.283049 -38.477301 -73.530767 154.030639 0.000000 67.903947 15.256380 51.430897 100.650541 -63.286482 81.193889 74.477789 1.000000
-13.368725 18.025194 143.642688 -38.019871 -38.513825 -73.657818 153.999253 0.000000 67.903941 15.256411 51.430932 100.650541 -63.286490 81.193907 74.477800 1.000000
-13.322342 18.073948 143.604233 -37.767851 -38.554220 -73.769241 153.970898 0.000000 67.903936 15.256432 51.430964 100.650538 -63.286496 81.193922 74.477811 1.000000
-13.267721 18.120910 143.571049 -37.501202 -38.603741 -73.909461 153.945755 0.000000 67.903928 15.256452 51.430997 100.650541 -63.286501 81.193938 74.477824 1.000000
-13.220420 18.170956 143.530055 -37.241592 -38.636855 -74.037840 153.915439 0.000000 67.903923 15.256479 51.431029 100.650540 -63.286507 81.193955 74.477836 1.000000
-13.162976 18.227518 143.468922 -36.984010 -38.648102 -74.159010 153.892181 0.000000 67.903913 15.256503 51.431059 100.650550 -63.286514 81.193975 74.477850 1.000000
-13.115624 18.276127 143.426228 -36.718786 -38.680695 -74.282295 153.863061 0.000000 67.903908 15.256526 51.431092 100.650550 -63.286519 81.193991 74.477863 1.000000
-13.055099 18.331599 143.378013 -36.435656 -38.713378 -74.413597 153.834404 0.000000 67.903902 15.256544 51.431122 100.650551 -63.286522 81.194003 74.477872 1.000000
-13.007773 18.409331 143.310574 -36.171349 -38.724105 -74.510544 153.813002 0.000000 67.903888 15.256561 51.431157 100.650559 -63.286529 81.194021 74.477889 1.000000
-12.954626 18.470960 143.258385 -35.904738 -38.749962 -74.634857 153.791309 0.000000 67.903881 15.256584 51.431184 100.650561 -63.286533 81.194034 74.477900 1.000000
-12.902644 18.538886 143.201966 -35.633086 -38.769530 -74.745304 153.764547 0.000000 67.903875 15.256602 51.431216 100.650568 -63.286539 81.194052 74.477914 1.000000
-12.854215 18.604289 143.148683 -35.371148 -38.798861 -74.850303 153.735537 0.000000 67.903867 15.256620 51.431253 100.650576 -63.286545 81.194072 74.477930 1.000000
-12.805134 18.690486 143.084086 -35.084656 -38.807094 -74.952148 153.708904 0.000000 67.903861 15.256634 51.431288 100.650573 -63.286552 81.194088 74.477943 1.000000
-12.761082 18.764254 143.027627 -34.813240 -38.821467 -75.068702 153.680055 0.000000 67.903859 15.256650 51.431325 100.650579 -63.286558 81.194101 74.477957 1.000000
-12.716577 18.841792 142.960595 -34.542446 -38.820256 -75.180259 153.654202 0.000000 67.903849 15.256664 51.431360 100.650585 -63.286566 81.194117 74.477973 1.000000
-12.674406 18.921391 142.902842 -34.284283 -38.814414 -75.292077 153.629460 0.000000 67.903842 15.256685 51.431393 100.650588 -63.286572 81.194134 74.477990 1.000000
-12.634654 19.008545 142.849091 -33.993314 -38.820238 -75.404335 153.602117 0.000000 67.903833 15.256703 51.431428 100.650587 -63.286579 81.194148 74.478003 1.000000
-12.595389 19.104730 142.777720 -33.732812 -38.800501 -75.482853 153.577267 0.000000 67.903821 15.256722 51.431459 100.650589 -63.286584 81.194165 74.478015 1.000000
-12.568361 19.192943 142.724436 -33.462868 -38.793661 -75.581900 153.545844 0.000000 67.903815 15.256742 51.431496 100.650584 -63.286589 81.194181 74.478028 1.000000
-12.538328 19.279575 142.678049 -33.182147 -38.798923 -75.694730 153.520445 0.000000 67.903807 15.256763 51.431531 100.650579 -63.286592 81.194199 74.478039 1.000000
-12.505996 19.362797 142.641875 -32.904142 -38.801416 -75.824699 153.490042 0.000000 67.903799 15.256778 51.431566 100.650566 -63.286598 81.194209 74.478051 1.000000
-12.480292 19.453228 142.600225 -32.646293 -38.796449 -75.919278 153.467887 0.000000 67.903796 15.256790 51.431602 100.650561 -63.286602 81.194220 74.478066 1.000000
-12.453796 19.537495 142.547846 -32.407037 -38.786391 -76.016693 153.445973 0.000000 67.903784 15.256811 51.431636 100.650561 -63.286609 81.194238 74.478083 1.000000
-12.433451 19.632573 142.499891 -32.159407 -38.769491 -76.122674 153.427902 0.000000 67.903780 15.256824 51.431669 100.650563 -63.286614 81.194254 74.478097 1.000000
-12.426028 19.707765 142.468804 -31.928170 -38.769773 -76.242264 153.400623 0.000000 67.903771 15.256842 51.431692 100.650549 -63.286616 81.194265 74.478103 1.000000
-12.418298 19.795221 142.420710 -31.736695 -38.737390 -76.341149 153.384439 0.000000 67.903768 15.256855 51.431716 100.650541 -63.286619 81.194276 74.478113 1.000000
-12.401299 19.875241 142.357067 -31.553875 -38.696702 -76.447359 153.374037 0.000000 67.903769 15.256857 51.431742 100.650545 -63.286625 81.194289 74.478128 1.000000
-12.383230 19.953657 142.295054 -31.372924 -38.648498 -76.563081 153.362501 0.000000 67.903765 15.256867 51.431768 100.650549 -63.286636 81.194302 74.478141 1.000000
-12.368821 20.024731 142.232722 -31.210079 -38.611983 -76.673780 153.349043 0.000000 67.903761 15.256868 51.431791 100.650547 -63.286640 81.194316 74.478155 1.000000
-12.353844 20.104163 142.170986 -31.035127 -38.562571 -76.781931 153.340404 0.000000 67.903760 15.256871 51.431813 100.650546 -63.286645 81.194332 74.478170 1.000000
-12.340354 20.181387 142.091955 -30.873038 -38.509275 -76.877239 153.328834 0.000000 67.903763 15.256876 51.431837 100.650545 -63.286652 81.194351 74.478181 1.000000
-12.306564 20.253592 142.011939 -30.723929 -38.442782 -76.985100 153.323059 0.000000 67.903761 15.256884 51.431856 100.650556 -63.286662 81.194364 74.478195 1.000000
-12.283253 20.326730 141.935051 -30.558270 -38.396744 -77.086107 153.312206 0.000000 67.903761 15.256895 51.431879 100.650563 -63.286667 81.194379 74.478209 1.000000
-12.263762 20.387943 141.883820 -30.393283 -38.362414 -77.210588 153.302861 0.000000 67.903759 15.256902 51.431896 100.650556 -63.286670 81.194390 74.478217 1.000000
-12.235486 20.443240 141.850846 -30.227836 -38.347562 -77.317795 153.295675 0.000000 67.903758 15.256906 51.431910 100.650562 -63.286674 81.194400 74.478228 1.000000
-12.221151 20.504852 141.817199 -30.066745 -38.323735 -77.419235 153.287019 0.000000 67.903759 15.256909 51.431929 100.650564 -63.286677 81.194409 74.478236 1.000000
-12.202277 20.562258 141.773359 -29.922978 -38.303289 -77.486814 153.279003 0.000000 67.903751 15.256916 51.431941 100.650569 -63.286681 81.194420 74.478244 1.000000
-12.173313 20.620023 141.747253 -29.767266 -38.295781 -77.588197 153.271477 0.000000 67.903746 15.256917 51.431955 100.650571 -63.286682 81.194428 74.478252 1.000000
-12.155662 20.670275 141.698102 -29.628705 -38.249646 -77.673466 153.266498 0.000000 67.903745 15.256926 51.431967 100.650576 -63.286686 81.194440 74.478257 1.000000
-12.123895 20.723143 141.653258 -29.490696 -38.212549 -77.778967 153.257197 0.000000 67.903741 15.256931 51.431975 100.650587 -63.286687 81.194450 74.478263 1.000000
-12.094790 20.774725 141.610112 -29.338273 -38.184452 -77.886868 153.249294 0.000000 67.903744 15.256939 51.431985 100.650588 -63.286688 81.194454 74.478263 1.000000
-12.065303 20.831480 141.563690 -29.212875 -38.142697 -77.957823 153.241659 0.000000 67.903747 15.256947 51.431996 100.650595 -63.286693 81.194463 74.478269 1.000000
-12.035044 20.873947 141.517979 -29.123450 -38.107767 -78.020061 153.239276 0.000000 67.903749 15.256954 51.432007 100.650613 -63.286698 81.194473 74.478275 1.000000
-11.987103 20.903901 141.486446 -29.004396 -38.084302 -78.132249 153.233455 0.000000 67.903756 15.256965 51.432018 100.650624 -63.286700 81.194481 74.478278 1.000000
-11.962239 20.948504 141.440525 -28.859777 -38.038325 -78.245372 153.227597 0.000000 67.903762 15.256981 51.432027 100.650622 -63.286704 81.194484 74.478280 1.000000
-11.939602 21.005183 141.408972 -28.723101 -38.015022 -78.313895 153.220953 0.000000 67.903764 15.256989 51.432038 100.650627 -63.286703 81.194492 74.478277 1.000000
-11.912688 21.057951 141.367021 -28.567631 -37.989476 -78.393011 153.220203 0.000000 67.903768 15.256998 51.432046 100.650633 -63.286702 81.194498 74.478277 1.000000
-11.897361 21.102645 141.331809 -28.473657 -37.950992 -78.455002 153.215613 0.000000 67.903768 15.257006 51.432055 100.650643 -63.286705 81.194508 74.478283 1.000000
-11.880838 21.142355 141.298823 -28.361167 -37.925785 -78.522164 153.211314 0.000000 67.903769 15.257007 51.432063 100.650651 -63.286708 81.194510 74.478287 1.000000
-11.867941 21.180885 141.260814 -28.226783 -37.910117 -78.572407 153.198652 0.000000 67.903762 15.257009 51.432064 100.650650 -63.286705 81.194514 74.478284 1.000000
-11.863631 21.227552 141.230781 -28.104624 -37.890683 -78.615601 153.190636 0.000000 67.903759 15.257014 51.432072 100.650648 -63.286706 81.194515 74.478283 1.000000
-11.846601 21.261848 141.189761 -28.010828 -37.860976 -78.672311 153.181603 0.000000 67.903764 15.257027 51.432079 100.650654 -63.286709 81.194522 74.478290 1.000000
-11.837921 21.304817 141.160010 -27.889670 -37.849246 -78.726277 153.163681 0.000000 67.903772 15.257032 51.432084 100.650647 -63.286708 81.194526 74.478288 1.000000
-11.813456 21.350473 141.139728 -27.743457 -37.853519 -78.811020 153.152836 0.000000 67.903776 15.257031 51.432092 100.650651 -63.286706 81.194526 74.478287 1.000000
-11.795218 21.401580 141.101593 -27.633317 -37.843188 -78.856907 153.145286 0.000000 67.903782 15.257027 51.432097 100.650659 -63.286706 81.194530 74.478290 1.000000
-11.792129 21.445113 141.058459 -27.537216 -37.814212 -78.865347 153.134284 0.000000 67.903786 15.257027 51.432098 100.650660 -63.286705 81.194536 74.478283 1.000000
-11.773487 21.488248 141.022384 -27.437545 -37.783588 -78.904860 153.130930 0.000000 67.903792 15.257030 51.432104 100.650675 -63.286708 81.194543 74.478283 1.000000
-11.746451 21.527053 140.980661 -27.334692 -37.762199 -78.952581 153.127934 0.000000 67.903796 15.257030 51.432110 100.650684 -63.286707 81.194549 74.478286 1.000000
-11.726760 21.574836 140.928658 -27.205210 -37.740501 -78.982267 153.111472 0.000000 67.903808 15.257036 51.432123 100.650688 -63.286708 81.194560 74.478284 1.000000
-11.721490 21.621111 140.887639 -27.108399 -37.728661 -78.986184 153.102249 0.000000 67.903808 15.257036 51.432131 100.650692 -63.286711 81.194566 74.478284 1.000000
-11.700422 21.658439 140.831160 -27.013609 -37.694265 -79.011978 153.088494 0.000000 67.903809 15.257044 51.432141 100.650714 -63.286715 81.194579 74.478288 1.000000
-11.687417 21.698398 140.789646 -26.919255 -37.671376 -79.028375 153.080976 0.000000 67.903810 15.257043 51.432146 100.650723 -63.286716 81.194589 74.478287 1.000000
-11.677691 21.737689 140.757876 -26.845191 -37.657673 -79.034086 153.070298 0.000000 67.903809 15.257040 51.432151 100.650731 -63.286716 81.194597 74.478288 1.000000
-11.644063 21.764664 140.729875 -26.758624 -37.651868 -79.089593 153.062080 0.000000 67.903811 15.257042 51.432157 100.650750 -63.286718 81.194607 74.478292 1.000000
-11.628179 21.804478 140.701202 -26.672053 -37.646363 -79.122577 153.057183 0.000000 67.903807 15.257036 51.432156 100.650761 -63.286719 81.194611 74.478290 1.000000
-11.622316 21.837220 140.667661 -26.599168 -37.613878 -79.144816 153.048278 0.000000 67.903799 15.257045 51.432159 100.650774 -63.286721 81.194622 74.478290 1.000000
-11.616407 21.872456 140.640118 -26.509324 -37.598332 -79.171738 153.039289 0.000000 67.903797 15.257047 51.432163 100.650782 -63.286721 81.194626 74.478286 1.000000
-11.616535 21.904876 140.609037 -26.438539 -37.565082 -79.191101 153.027587 0.000000 67.903796 15.257051 51.432169 100.650790 -63.286722 81.194635 74.478283 1.000000
-11.598459 21.936872 140.593006 -26.342486 -37.557825 -79.256997 153.018535 0.000000 67.903793 15.257048 51.432174 100.650796 -63.286722 81.194639 74.478284 1.000000
-11.605028 21.969208 140.569333 -26.257237 -37.533219 -79.296126 153.007498 0.000000 67.903788 15.257053 51.432177 100.650798 -63.286721 81.194641 74.478280 1.000000
-11.603886 22.010464 140.547522 -26.164092 -37.507417 -79.327484 152.996640 0.000000 67.903779 15.257051 51.432177 100.650797 -63.286719 81.194643 74.478275 1.000000
-11.599565 22.043863 140.523370 -26.078818 -37.504746 -79.337419 152.992829 0.000000 67.903775 15.257045 51.432177 100.650804 -63.286719 81.194646 74.478274 1.000000
-11.597969 22.080967 140.504479 -25.976562 -37.490590 -79.369063 152.981030 0.000000 67.903768 15.257041 51.432180 100.650803 -63.286717 81.194649 74.478271 1.000000
-11.604231 22.120651 140.478706 -25.894302 -37.464259 -79.386491 152.966346 0.000000 67.903762 15.257038 51.432185 100.650805 -63.286717 81.194653 74.478270 1.000000
-11.610542 22.156874 140.446892 -25.821285 -37.435159 -79.386738 152.958006 0.000000 67.903761 15.257040 51.432191 100.650808 -63.286719 81.194658 74.478269 1.000000
-11.615851 22.200312 140.429976 -25.737356 -37.405731 -79.418883 152.953727 0.000000 67.903757 15.257033 51.432194 100.650808 -63.286718 81.194658 74.478262 1.000000
-11.625137 22.247107 140.405788 -25.648779 -37.375307 -79.451160 152.945758 0.000000 67.903758 15.257033 51.432199 100.650800 -63.286717 81.194655 74.478257 1.000000
-11.641561 22.296588 140.381304 -25.546725 -37.356595 -79.467970 152.931497 0.000000 67.903753 15.257031 51.432203 100.650788 -63.286715 81.194650 74.478250 1.000000
-11.637164 22.327110 140.364345 -25.458146 -37.339698 -79.524656 152.926829 0.000000 67.903747 15.257034 51.432206 100.650786 -63.286716 81.194650 74.478247 1.000000
-11.639945 22.363419 140.344803 -25.383906 -37.298964 -79.566503 152.922251 0.000000 67.903739 15.257041 51.432213 100.650789 -63.286719 81.194653 74.478249 1.000000
-11.648585 22.393319 140.313073 -25.310056 -37.258606 -79.602909 152.912331 0.000000 67.903737 15.257046 51.432213 100.650786 -63.286719 81.194654 74.478245 1.000000
-11.640972 22.430230 140.289386 -25.201012 -37.235337 -79.668708 152.910725 0.000000 67.903736 15.257050 51.432221 100.650789 -63.286718 81.194655 74.478241 1.000000
-11.656049 22.475083 140.271514 -25.073640 -37.210512 -79.718575 152.897939 0.000000 67.903732 15.257052 51.432224 100.650774 -63.286715 81.194654 74.478232 1.000000
-11.662140 22.507933 140.245990 -24.993764 -37.182111 -79.765047 152.892381 0.000000 67.903734 15.257057 51.432231 100.650770 -63.286717 81.194654 74.478232 1.000000
-11.676210 22.540016 140.236740 -24.904437 -37.161143 -79.787916 152.881355 0.000000 67.903727 15.257058 51.432233 100.650762 -63.286716 81.194655 74.478226 1.000000
-11.689209 22.575311 140.218349 -24.796851 -37.154678 -79.817760 152.870796 0.000000 67.903718 15.257063 51.432239 100.650758 -63.286714 81.194654 74.478221 1.000000
-11.705660 22.620686 140.209717 -24.702452 -37.130966 -79.849971 152.862677 0.000000 67.903717 15.257066 51.432245 100.650747 -63.286711 81.194649 74.478214 1.000000
-11.726990 22.662022 140.201278 -24.613815 -37.106263 -79.880406 152.854954 0.000000 67.903716 15.257073 51.432251 100.650739 -63.286708 81.194646 74.478209 1.000000
-11.742707 22.701405 140.205323 -24.518418 -37.091606 -79.914813 152.844470 0.000000 67.903714 15.257082 51.432257 100.650727 -63.286705 81.194642 74.478201 1.000000
-11.741391 22.730706 140.203340 -24.458758 -37.061461 -79.973868 152.844916 0.000000 67.903712 15.257083 51.432260 100.650728 -63.286704 81.194640 74.478200 1.000000
-11.758716 22.757438 140.194406 -24.360971 -37.041908 -80.020457 152.837508 0.000000 67.903707 15.257082 51.432260 100.650715 -63.286701 81.194634 74.478194 1.000000
-11.748945 22.786059 140.174104 -24.277573 -37.020064 -80.069765 152.830490 0.000000 67.903707 15.257086 51.432263 100.650714 -63.286698 81.194634 74.478191 1.000000
-11.762524 22.825854 140.165640 -24.185640 -36.998353 -80.105471 152.820216 0.000000 67.903706 15.257088 51.432265 100.650701 -63.286697 81.194624 74.478184 1.000000
-11.790952 22.871374 140.158123 -24.111636 -36.977958 -80.113658 152.809487 0.000000 67.903704 15.257093 51.432269 100.650694 -63.286694 81.194620 74.478174 1.000000
-11.808470 22.911326 140.144386 -24.023634 -36.957416 -80.132535 152.799613 0.000000 67.903699 15.257091 51.432270 100.650683 -63.286690 81.194616 74.478165 1.000000
-11.817496 22.951986 140.145733 -23.922578 -36.953270 -80.170787 152.789523 0.000000 67.903695 15.257090 51.432273 100.650671 -63.286685 81.194610 74.478157 1.000000
-11.848620 22.997969 140.128559 -23.834811 -36.909804 -80.185147 152.776699 0.000000 67.903692 15.257095 51.432279 100.650659 -63.286683 81.194607 74.478151 1.000000
-11.876399 23.041004 140.108157 -23.740219 -36.879122 -80.202796 152.761416 0.000000 67.903688 15.257102 51.432283 100.650646 -63.286679 81.194606 74.478143 1.000000
-11.884439 23.074472 140.080984 -23.673243 -36.846724 -80.234306 152.755783 0.000000 67.903688 15.257106 51.432291 100.650646 -63.286681 81.194607 74.478139 1.000000
-11.876331 23.102316 140.065152 -23.605498 -36.820823 -80.268532 152.755090 0.000000 67.903687 15.257114 51.432295 100.650649 -63.286680 81.194609 74.478138 1.000000
-11.888662 23.138160 140.052464 -23.529832 -36.803925 -80.271200 152.744039 0.000000 67.903683 15.257120 51.432300 100.650648 -63.286681 81.194610 74.478134 1.000000
-11.904664 23.182249 140.036911 -23.461521 -36.779818 -80.290519 152.741195 0.000000 67.903679 15.257122 51.432302 100.650643 -63.286677 81.194605 74.478126 1.000000
-11.917616 23.218579 140.012222 -23.399244 -36.738664 -80.317707 152.735752 0.000000 67.903680 15.257130 51.432308 100.650641 -63.286679 81.194608 74.478123 1.000000
-11.931436 23.249975 140.001911 -23.323778 -36.725415 -80.331412 152.728560 0.000000 67.903678 15.257132 51.432312 100.650634 -63.286676 81.194608 74.478119 1.000000
-11.929628 23.285383 139.983087 -23.238972 -36.710700 -80.353043 152.722685 0.000000 67.903674 15.257134 51.432317 100.650636 -63.286675 81.194609 74.478116 1.000000
-11.941338 23.319599 139.970397 -23.170246 -36.685654 -80.363365 152.718449 0.000000 67.903671 15.257140 51.432323 100.650636 -63.286673 81.194611 74.478111 1.000000
-11.949880 23.348272 139.969308 -23.120303 -36.672243 -80.382823 152.718671 0.000000 67.903666 15.257138 51.432328 100.650638 -63.286673 81.194608 74.478108 1.000000
-11.956111 23.382880 139.957603 -23.044735 -36.654022 -80.412271 152.716324 0.000000 67.903661 15.257139 51.432330 100.650638 -63.286673 81.194607 74.478105 1.000000
-11.959018 23.416940 139.951785 -22.973559 -36.639809 -80.445256 152.710458 0.000000 67.903661 15.257149 51.432342 100.650639 -63.286672 81.194607 74.478100 1.000000
-11.976525 23.447709 139.927540 -22.903610 -36.614155 -80.454004 152.700494 0.000000 67.903659 15.257154 51.432348 100.650634 -63.286672 81.194609 74.478097 1.000000
-11.982980 23.478158 139.899039 -22.846405 -36.580550 -80.469582 152.692504 0.000000 67.903655 15.257160 51.432354 100.650637 -63.286673 81.194612 74.478096 1.000000
-11.996596 23.499315 139.881239 -22.804111 -36.548803 -80.488328 152.688317 0.000000 67.903651 15.257161 51.432353 100.650631 -63.286672 81.194612 74.478090 1.000000
-11.993625 23.526070 139.857590 -22.746890 -36.515809 -80.511964 152.688406 0.000000 67.903651 15.257167 51.432357 100.650638 -63.286672 81.194617 74.478090 1.000000
-12.005014 23.552054 139.849124 -22.687478 -36.509522 -80.519857 152.683225 0.000000 67.903648 15.257171 51.432357 100.650635 -63.286671 81.194618 74.478085 1.000000
-12.007202 23.577782 139.843884 -22.627018 -36.488696 -80.546278 152.680629 0.000000 67.903651 15.257173 51.432361 100.650636 -63.286668 81.194617 74.478079 1.000000
-12.020489 23.603831 139.830876 -22.578880 -36.467293 -80.553463 152.679125 0.000000 67.903650 15.257175 51.432364 100.650637 -63.286669 81.194617 74.478074 1.000000
-12.030143 23.630394 139.821175 -22.526858 -36.453325 -80.562054 152.679219 0.000000 67.903647 15.257173 51.432366 100.650643 -63.286668 81.194617 74.478071 1.000000
-12.044561 23.665027 139.804521 -22.463744 -36.438989 -80.563495 152.671065 0.000000 67.903644 15.257178 51.432370 100.650638 -63.286666 81.194618 74.478067 1.000000
-12.048362 23.688075 139.782371 -22.408745 -36.417003 -80.589624 152.672296 0.000000 67.903644 15.257180 51.432373 100.650644 -63.286666 81.194618 74.478065 1.000000
-12.058948 23.715380 139.762570 -22.354997 -36.383508 -80.602631 152.668752 0.000000 67.903644 15.257181 51.432375 100.650642 -63.286665 81.194617 74.478061 1.000000
-12.067366 23.738651 139.744171 -22.307930 -36.355446 -80.613760 152.667969 0.000000 67.903643 15.257182 51.432375 100.650641 -63.286665 81.194616 74.478058 1.000000
-12.074563 23.770292 139.722867 -22.262274 -36.334248 -80.620351 152.665538 0.000000 67.903642 15.257182 51.432372 100.650640 -63.286663 81.194611 74.478051 1.000000
-12.087117 23.795407 139.689990 -22.200365 -36.294681 -80.634057 152.656651 0.000000 67.903642 15.257184 51.432374 100.650636 -63.286661 81.194610 74.478048 1.000000
