-33.967999 5.462000 157.557007 -68.568001 -16.181000 -62.987000 144.666000 1.000000 67.924004 15.260000 51.438999 100.642998 -63.282001 81.204002 74.487000 1.000000
-33.967999 5.462000 157.559006 -68.568001 -16.181999 -62.987000 144.666000 1.000000 67.924004 15.260000 51.438999 100.642998 -63.284000 81.204002 74.487999 1.000000
-33.967999 5.462000 157.557007 -68.567001 -16.181000 -62.987999 144.664993 1.000000 67.924004 15.260000 51.438999 100.642998 -63.284000 81.204002 74.487999 1.000000
-33.967999 5.464000 157.557007 -68.568001 -16.181000 -62.987999 144.664993 1.000000 67.924004 15.260000 51.438999 100.642998 -63.284000 81.202003 74.485001 1.000000
-33.967999 5.464000 157.559006 -68.568001 -16.181999 -62.979000 144.675995 1.000000 67.924004 15.260000 51.438999 100.642998 -63.282001 81.204002 74.484001 1.000000
-33.960999 5.499000 157.557007 -68.568001 -16.197001 -62.929001 144.705002 1.000000 67.922997 15.258000 51.438999 100.643997 -63.282001 81.197998 74.484001 1.000000
-33.917000 5.586000 157.557007 -68.568001 -16.252001 -62.764000 144.779999 1.000000 67.922997 15.255000 51.438000 100.642998 -63.284000 81.195000 74.478996 1.000000
-33.872002 5.685000 157.548996 -68.568001 -16.316999 -62.700001 144.832001 1.000000 67.914001 15.254000 51.438000 100.643997 -63.282001 81.193001 74.478996 1.000000
-33.581001 6.230000 157.440002 -68.603996 -16.658001 -61.911999 145.389999 1.000000 67.905998 15.254000 51.431999 100.642998 -63.284000 81.191002 74.475998 1.000000
-33.471001 6.444000 157.388000 -68.623001 -16.833000 -61.632000 145.613998 1.000000 67.905998 15.254000 51.431000 100.640999 -63.282001 81.191002 74.476997 1.000000
-33.132000 7.071000 157.276001 -68.685997 -17.243000 -60.740002 146.158997 1.000000 67.904999 15.253000 51.431999 100.642998 -63.284000 81.186996 74.480003 1.000000
-32.791000 7.667000 157.192993 -68.778999 -17.601999 -59.915001 146.751007 1.000000 67.904999 15.253000 51.431000 100.647003 -63.282001 81.185997 74.476997 1.000000
-32.449001 8.269000 157.082001 -68.860001 -17.947001 -59.124001 147.259003 1.000000 67.904999 15.253000 51.431999 100.640999 -63.282001 81.186996 74.474998 1.000000
-32.143002 8.806000 157.026993 -68.955002 -18.250999 -58.431999 147.763000 1.000000 67.904999 15.253000 51.429001 100.638000 -63.282001 81.186996 74.474998 1.000000
-31.628000 9.762000 156.878998 -69.135002 -18.858000 -56.962002 148.697998 1.000000 67.903000 15.253000 51.429001 100.638000 -63.282001 81.188004 74.474998 1.000000
-31.327999 10.322000 156.813004 -69.266998 -19.198000 -56.176998 149.209000 1.000000 67.904999 15.253000 51.429001 100.640999 -63.284000 81.186996 74.475998 1.000000
-31.024000 10.876000 156.753998 -69.378998 -19.514000 -55.394001 149.694000 1.000000 67.903000 15.251000 51.431000 100.638000 -63.284000 81.186996 74.475998 1.000000
-30.414000 12.013000 156.651001 -69.691002 -20.073999 -53.929001 150.556000 1.000000 67.903000 15.251000 51.431000 100.638000 -63.284000 81.186996 74.475998 1.000000
-30.138000 12.544000 156.613998 -69.829002 -20.405001 -53.043999 151.082001 1.000000 67.903000 15.251000 51.429001 100.640999 -63.282001 81.186996 74.476997 1.000000
-29.388000 13.927000 156.518005 -70.236000 -21.042000 -51.075001 152.216003 1.000000 67.903000 15.251000 51.429001 100.640999 -63.282001 81.186996 74.476997 1.000000
-28.888000 14.849000 156.470001 -70.539001 -21.457001 -49.792000 152.944000 1.000000 67.903000 15.251000 51.428001 100.640999 -63.284000 81.186996 74.476997 1.000000
-28.594000 15.412000 156.449997 -70.723999 -21.653999 -49.130001 153.337997 1.000000 67.902000 15.253000 51.431000 100.639999 -63.284000 81.186996 74.475998 1.000000
-28.155001 16.287001 156.434006 -71.091003 -21.955999 -47.785000 153.973007 1.000000 67.903000 15.253000 51.429001 100.649002 -63.284000 81.186996 74.476997 1.000000
-27.649000 17.323999 156.427994 -71.570000 -22.200001 -46.487000 154.660995 1.000000 67.902000 15.251000 51.429001 100.638000 -63.282001 81.186996 74.476997 1.000000
-27.209000 18.229000 156.427994 -71.990997 -22.351000 -45.188000 155.242004 1.000000 67.903000 15.253000 51.428001 100.638000 -63.282001 81.186996 74.475998 1.000000
-27.073000 18.531000 156.427994 -72.174004 -22.358999 -44.731998 155.459000 1.000000 67.903000 15.251000 51.429001 100.638000 -63.282001 81.188004 74.478996 1.000000
-26.930000 18.875000 156.427994 -72.389999 -22.361000 -44.283001 155.649994 1.000000 67.903000 15.251000 51.428001 100.640999 -63.282001 81.186996 74.476997 1.000000
-26.603001 19.684000 156.475006 -72.917000 -22.341999 -43.180000 156.074997 1.000000 67.902000 15.251000 51.429001 100.642998 -63.284000 81.186996 74.476997 1.000000
-26.603001 19.684000 156.475006 -72.917000 -22.341999 -43.180000 156.074997 1.000000 67.904999 15.253000 51.429001 100.640999 -63.284000 81.186996 74.475998 1.000000
-26.408001 20.170000 156.544006 -73.247002 -22.302999 -42.500000 156.362000 1.000000 67.903000 15.253000 51.429001 100.640999 -63.284000 81.186996 74.476997 1.000000
-26.361000 20.297001 156.561996 -73.314003 -22.295000 -42.377998 156.442001 1.000000 67.902000 15.253000 51.429001 100.640999 -63.284000 81.188004 74.475998 1.000000
-26.278999 20.499001 156.584000 -73.448997 -22.284000 -42.081001 156.507996 1.000000 67.903000 15.251000 51.429001 100.640999 -63.284000 81.188004 74.474998 1.000000
-26.231001 20.603001 156.589996 -73.515999 -22.280001 -41.993000 156.544006 1.000000 67.903000 15.251000 51.429001 100.640999 -63.284000 81.186996 74.475998 1.000000
-26.150999 20.806000 156.612000 -73.650002 -22.266001 -41.645000 156.701996 1.000000 67.903000 15.253000 51.429001 100.640999 -63.284000 81.186996 74.475998 1.000000
-26.136999 20.846001 156.617004 -73.681999 -22.261999 -41.608002 156.723999 1.000000 67.903000 15.253000 51.429001 100.638000 -63.284000 81.186996 74.476997 1.000000
-26.106001 21.041000 156.669998 -73.841003 -22.150999 -41.383999 156.772003 1.000000 67.903000 15.253000 51.429001 100.638000 -63.282001 81.188004 74.475998 1.000000
-26.103001 21.143000 156.699005 -73.984001 -21.997999 -41.165001 156.785004 1.000000 67.903000 15.253000 51.428001 100.638000 -63.284000 81.186996 74.476997 1.000000
-26.089001 21.431999 156.813004 -74.290001 -21.740999 -40.818001 156.802994 1.000000 67.903000 15.251000 51.429001 100.638000 -63.284000 81.188004 74.475998 1.000000
-26.080999 21.607000 156.882996 -74.487999 -21.518999 -40.585999 156.817001 1.000000 67.904999 15.253000 51.428001 100.638000 -63.282001 81.186996 74.476997 1.000000
-26.080999 21.607000 156.882996 -74.487999 -21.518999 -40.585999 156.817001 1.000000 67.903000 15.253000 51.429001 100.639999 -63.284000 81.188004 74.475998 1.000000
-26.063000 21.846001 156.998001 -74.778000 -21.291000 -40.214001 156.835999 1.000000 67.903000 15.251000 51.429001 100.638000 -63.282001 81.186996 74.475998 1.000000
-26.063000 21.978001 157.065994 -74.952003 -21.104000 -40.008999 156.850006 1.000000 67.903000 15.253000 51.428001 100.639999 -63.282001 81.188004 74.476997 1.000000
-26.063000 22.025999 157.085007 -75.030998 -21.018000 -39.898998 156.856995 1.000000 67.902000 15.251000 51.428001 100.639999 -63.282001 81.186996 74.474998 1.000000
-26.063000 22.083000 157.106995 -75.081001 -20.945000 -39.817001 156.860992 1.000000 67.903000 15.251000 51.429001 100.639999 -63.282001 81.188004 74.476997 1.000000
-26.069000 22.164000 157.158005 -75.197998 -20.889999 -39.731998 156.865997 1.000000 67.903000 15.251000 51.429001 100.639999 -63.284000 81.186996 74.475998 1.000000
-26.080000 22.221001 157.201996 -75.281998 -20.849001 -39.625000 156.865997 1.000000 67.903000 15.253000 51.429001 100.640999 -63.284000 81.186996 74.475998 1.000000
-26.099001 22.333000 157.266006 -75.406998 -20.718000 -39.382999 156.865997 1.000000 67.903000 15.253000 51.429001 100.639999 -63.282001 81.188004 74.474998 1.000000
-26.129000 22.465000 157.335999 -75.552002 -20.541000 -39.228001 156.865997 1.000000 67.903000 15.253000 51.428001 100.639999 -63.282001 81.188004 74.475998 1.000000
-26.157000 22.546000 157.412994 -75.668999 -20.445999 -38.980000 156.865997 1.000000 67.903000 15.251000 51.428001 100.638000 -63.284000 81.186996 74.474998 1.000000
-26.172001 22.612000 157.472000 -75.753998 -20.382999 -38.880001 156.865997 1.000000 67.903000 15.251000 51.429001 100.648003 -63.284000 81.188004 74.474998 1.000000
-26.188000 22.670000 157.503998 -75.816002 -20.320000 -38.824001 156.865997 1.000000 67.903000 15.251000 51.428001 100.643997 -63.284000 81.188004 74.475998 1.000000
-26.226999 22.785999 157.576004 -75.952003 -20.150000 -38.584999 156.865997 1.000000 67.903000 15.253000 51.428001 100.638000 -63.282001 81.186996 74.473000 1.000000
-26.240000 22.832001 157.619003 -75.996002 -20.080000 -38.476002 156.867996 1.000000 67.903000 15.253000 51.429001 100.637001 -63.284000 81.186996 74.475998 1.000000
-26.275000 22.920000 157.699005 -76.099998 -19.996000 -38.331001 156.865997 1.000000 67.903000 15.251000 51.428001 100.637001 -63.284000 81.186996 74.474998 1.000000
-26.308001 23.013000 157.761993 -76.213997 -19.916000 -38.152000 156.865997 1.000000 67.903000 15.253000 51.429001 100.638000 -63.284000 81.186996 74.475998 1.000000
-26.320000 23.054001 157.783997 -76.249001 -19.841999 -38.022999 156.865997 1.000000 67.903000 15.253000 51.429001 100.648003 -63.284000 81.188004 74.475998 1.000000
-26.337999 23.129999 157.835007 -76.316002 -19.740999 -37.950001 156.865997 1.000000 67.903000 15.251000 51.429001 100.642998 -63.284000 81.188004 74.474998 1.000000
-26.341999 23.171000 157.869003 -76.366997 -19.680000 -37.909000 156.865997 1.000000 67.903000 15.251000 51.428001 100.638000 -63.282001 81.188004 74.474998 1.000000
-26.372000 23.261999 157.938004 -76.459999 -19.577000 -37.658001 156.865005 1.000000 67.903000 15.251000 51.429001 100.636002 -63.282001 81.186996 74.475998 1.000000
-26.372000 23.261999 157.938004 -76.459999 -19.577000 -37.658001 156.865005 1.000000 67.904999 15.253000 51.428001 100.636002 -63.282001 81.188004 74.474998 1.000000
-26.396999 23.327999 157.981995 -76.514000 -19.518000 -37.534000 156.863998 1.000000 67.903000 15.251000 51.428001 100.638000 -63.284000 81.186996 74.475998 1.000000
-26.444000 23.440001 158.056000 -76.656998 -19.330000 -37.304001 156.848999 1.000000 67.903000 15.251000 51.428001 100.638000 -63.284000 81.188004 74.474998 1.000000
-26.464001 23.500999 158.097000 -76.710999 -19.250000 -37.186001 156.841995 1.000000 67.903000 15.253000 51.428001 100.639999 -63.282001 81.188004 74.472000 1.000000
-26.485001 23.590000 158.160995 -76.801003 -19.118000 -37.061001 156.826996 1.000000 67.904999 15.253000 51.428001 100.639999 -63.282001 81.188004 74.474998 1.000000
-26.485001 23.590000 158.160995 -76.801003 -19.118000 -37.061001 156.826996 1.000000 67.904999 15.253000 51.428001 100.639999 -63.282001 81.188004 74.474998 1.000000
-26.499001 23.665001 158.205002 -76.871002 -19.046000 -36.872002 156.806000 1.000000 67.902000 15.253000 51.429001 100.639999 -63.282001 81.188004 74.474998 1.000000
-26.510000 23.694000 158.225006 -76.892998 -18.992001 -36.778999 156.798996 1.000000 67.903000 15.251000 51.428001 100.639999 -63.284000 81.186996 74.474998 1.000000
-26.527000 23.746000 158.248993 -76.938004 -18.903000 -36.667999 156.792007 1.000000 67.903000 15.251000 51.428001 100.642998 -63.284000 81.188004 74.473000 1.000000
-26.558001 23.818001 158.289001 -77.012001 -18.774000 -36.576000 156.781006 1.000000 67.903000 15.251000 51.428001 100.640999 -63.284000 81.190002 74.473000 1.000000
-26.608000 23.940001 158.373001 -77.119003 -18.625000 -36.258999 156.757004 1.000000 67.903000 15.251000 51.428001 100.640999 -63.284000 81.190002 74.473000 1.000000
-26.618999 23.968000 158.395004 -77.144997 -18.598000 -36.216999 156.748001 1.000000 67.903000 15.251000 51.429001 100.638000 -63.282001 81.190002 74.474998 1.000000
-26.632000 24.003000 158.417999 -77.182999 -18.546000 -36.158001 156.738998 1.000000 67.904999 15.251000 51.429001 100.638000 -63.284000 81.190002 74.473000 1.000000
-26.679001 24.115999 158.475006 -77.277000 -18.389000 -35.924000 156.727997 1.000000 67.904999 15.253000 51.428001 100.637001 -63.282001 81.190002 74.474998 1.000000
-26.702999 24.187000 158.509995 -77.329002 -18.261999 -35.751999 156.712997 1.000000 67.903000 15.253000 51.428001 100.637001 -63.284000 81.190002 74.474998 1.000000
-26.702999 24.187000 158.509995 -77.329002 -18.261999 -35.751999 156.712997 1.000000 67.903000 15.253000 51.428001 100.637001 -63.284000 81.190002 74.473000 1.000000
-26.716999 24.263000 158.552994 -77.390999 -18.194000 -35.610001 156.692001 1.000000 67.903000 15.253000 51.428001 100.637001 -63.284000 81.190002 74.473000 1.000000
-26.721001 24.278000 158.557999 -77.404999 -18.174000 -35.542999 156.688995 1.000000 67.903000 15.253000 51.428001 100.638000 -63.284000 81.190002 74.476997 1.000000
-26.757999 24.351000 158.606003 -77.475998 -18.080000 -35.333000 156.684998 1.000000 67.903000 15.251000 51.428001 100.637001 -63.284000 81.190002 74.474998 1.000000
-26.797001 24.447001 158.656006 -77.555000 -17.924000 -35.133999 156.677002 1.000000 67.903000 15.253000 51.428001 100.638000 -63.282001 81.190002 74.474998 1.000000
-26.837999 24.580999 158.709000 -77.643997 -17.761999 -34.801998 156.664993 1.000000 67.903000 15.253000 51.429001 100.638000 -63.284000 81.190002 74.473000 1.000000
-26.860001 24.649000 158.733002 -77.693001 -17.701000 -34.625999 156.656006 1.000000 67.903000 15.251000 51.428001 100.638000 -63.284000 81.190002 74.473000 1.000000
-26.882999 24.705000 158.764008 -77.742996 -17.627001 -34.446999 156.647995 1.000000 67.903000 15.253000 51.428001 100.643997 -63.284000 81.190002 74.474998 1.000000
-26.934000 24.844999 158.822998 -77.820000 -17.375999 -34.111000 156.628998 1.000000 67.903000 15.251000 51.428001 100.643997 -63.284000 81.190002 74.473000 1.000000
-26.934000 24.844999 158.822998 -77.820000 -17.375999 -34.111000 156.628998 1.000000 67.903000 15.251000 51.429001 100.638000 -63.284000 81.190002 74.473000 1.000000
-26.974001 24.978001 158.867004 -77.912003 -17.273001 -33.832001 156.606995 1.000000 67.903000 15.251000 51.428001 100.637001 -63.284000 81.190002 74.474998 1.000000
-27.007999 25.070000 158.899002 -77.986000 -17.124001 -33.507000 156.597000 1.000000 67.902000 15.253000 51.429001 100.637001 -63.282001 81.190002 74.474998 1.000000
-27.027000 25.122000 158.910995 -78.015999 -17.049000 -33.417000 156.589996 1.000000 67.903000 15.251000 51.428001 100.638000 -63.282001 81.190002 74.474998 1.000000
-27.056000 25.212999 158.925995 -78.068001 -16.910000 -33.171001 156.580994 1.000000 67.903000 15.251000 51.429001 100.637001 -63.284000 81.190002 74.473000 1.000000
-27.084000 25.306000 158.938995 -78.125000 -16.841999 -32.974998 156.574997 1.000000 67.903000 15.253000 51.428001 100.642998 -63.282001 81.190002 74.474998 1.000000
-27.097000 25.351999 158.944000 -78.154999 -16.791000 -32.801998 156.572998 1.000000 67.904999 15.251000 51.428001 100.640999 -63.284000 81.190002 74.474998 1.000000
-27.111000 25.386000 158.947998 -78.180000 -16.747000 -32.681000 156.572998 1.000000 67.903000 15.251000 51.428001 100.639999 -63.282001 81.190002 74.474998 1.000000
-27.134001 25.474001 158.968994 -78.240997 -16.575001 -32.437000 156.563004 1.000000 67.902000 15.253000 51.428001 100.639999 -63.282001 81.190002 74.474998 1.000000
-27.139000 25.499001 158.973007 -78.253998 -16.533001 -32.345001 156.563995 1.000000 67.904999 15.253000 51.429001 100.638000 -63.284000 81.190002 74.475998 1.000000
-27.153999 25.549999 158.990005 -78.285004 -16.469000 -32.172001 156.563004 1.000000 67.904999 15.253000 51.429001 100.643997 -63.282001 81.190002 74.474998 1.000000
-27.166000 25.572001 158.992004 -78.306000 -16.441000 -32.113998 156.561996 1.000000 67.903000 15.251000 51.429001 100.642998 -63.282001 81.190002 74.474998 1.000000
-27.202000 25.628000 158.994003 -78.353996 -16.391001 -31.898001 156.546005 1.000000 67.904999 15.251000 51.428001 100.638000 -63.282001 81.188004 74.473000 1.000000
-27.216999 25.653000 158.992004 -78.379997 -16.368999 -31.795000 156.541000 1.000000 67.903000 15.253000 51.428001 100.638000 -63.282001 81.190002 74.472000 1.000000
-27.236000 25.691000 158.990005 -78.417000 -16.298000 -31.653000 156.533997 1.000000 67.904999 15.251000 51.428001 100.637001 -63.282001 81.190002 74.475998 1.000000
-27.246000 25.695999 158.973999 -78.425003 -16.268000 -31.605000 156.533997 1.000000 67.903000 15.253000 51.428001 100.637001 -63.282001 81.190002 74.474998 1.000000
-27.254000 25.702999 158.942993 -78.435997 -16.211000 -31.430000 156.533005 1.000000 67.903000 15.253000 51.428001 100.636002 -63.284000 81.190002 74.473000 1.000000
-27.261999 25.709000 158.925995 -78.442001 -16.195000 -31.351999 156.531006 1.000000 67.903000 15.251000 51.428001 100.637001 -63.282001 81.190002 74.475998 1.000000
-27.287001 25.721001 158.876007 -78.458000 -16.156000 -31.239000 156.524002 1.000000 67.903000 15.251000 51.426998 100.648003 -63.284000 81.190002 74.473000 1.000000
-27.294001 25.726999 158.847000 -78.484001 -16.148001 -31.181999 156.522995 1.000000 67.903000 15.253000 51.428001 100.642998 -63.284000 81.190002 74.473000 1.000000
-27.306000 25.732000 158.822998 -78.504997 -16.132999 -31.103001 156.524002 1.000000 67.903000 15.253000 51.429001 100.638000 -63.282001 81.190002 74.474998 1.000000
-27.330999 25.753000 158.806000 -78.544998 -16.087999 -30.927000 156.518997 1.000000 67.903000 15.251000 51.428001 100.638000 -63.282001 81.190002 74.473000 1.000000
-27.360001 25.775000 158.792007 -78.598000 -16.044001 -30.827000 156.511002 1.000000 67.903000 15.253000 51.428001 100.637001 -63.282001 81.188004 74.474998 1.000000
-27.360001 25.775000 158.792007 -78.598000 -16.044001 -30.827000 156.511002 1.000000 67.903000 15.251000 51.428001 100.637001 -63.282001 81.190002 74.470001 1.000000
-27.378000 25.788000 158.772995 -78.635002 -16.009001 -30.716000 156.507004 1.000000 67.903000 15.253000 51.429001 100.638000 -63.284000 81.190002 74.475998 1.000000
-27.405001 25.820000 158.770004 -78.675003 -15.978000 -30.573000 156.505005 1.000000 67.903000 15.251000 51.428001 100.639999 -63.284000 81.190002 74.474998 1.000000
-27.424000 25.846001 158.770004 -78.695999 -15.957000 -30.503000 156.503998 1.000000 67.904999 15.251000 51.428001 100.639999 -63.284000 81.190002 74.473000 1.000000
-27.438999 25.871000 158.770004 -78.721001 -15.932000 -30.414000 156.494003 1.000000 67.903000 15.253000 51.428001 100.639999 -63.284000 81.190002 74.470001 1.000000
-27.459000 25.905001 158.770004 -78.759003 -15.894000 -30.365999 156.485992 1.000000 67.903000 15.253000 51.428001 100.638000 -63.284000 81.190002 74.473000 1.000000
-27.472000 25.927000 158.770996 -78.802002 -15.839000 -30.315001 156.485001 1.000000 67.903000 15.251000 51.428001 100.637001 -63.282001 81.188004 74.473000 1.000000
-27.490999 25.951000 158.776993 -78.825996 -15.803000 -30.254999 156.483002 1.000000 67.903000 15.251000 51.428001 100.637001 -63.284000 81.190002 74.474998 1.000000
-27.545000 26.010000 158.817001 -78.893997 -15.717000 -30.052999 156.472000 1.000000 67.903000 15.251000 51.428001 100.638000 -63.284000 81.190002 74.473000 1.000000
-27.584000 26.052000 158.848999 -78.943001 -15.639000 -29.914000 156.460999 1.000000 67.904999 15.253000 51.428001 100.638000 -63.282001 81.190002 74.473000 1.000000
-27.603001 26.070999 158.862000 -78.972000 -15.610000 -29.882000 156.457001 1.000000 67.904999 15.251000 51.428001 100.638000 -63.284000 81.190002 74.473000 1.000000
-27.649000 26.110001 158.880005 -79.033997 -15.567000 -29.757000 156.445007 1.000000 67.903000 15.251000 51.428001 100.638000 -63.282001 81.190002 74.475998 1.000000
-27.677999 26.136000 158.891998 -79.070999 -15.542000 -29.653000 156.438995 1.000000 67.903000 15.251000 51.428001 100.637001 -63.284000 81.190002 74.474998 1.000000
-27.711000 26.159000 158.906006 -79.105003 -15.519000 -29.535000 156.434998 1.000000 67.903000 15.251000 51.428001 100.638000 -63.282001 81.190002 74.473000 1.000000
-27.770000 26.202999 158.917007 -79.160004 -15.478000 -29.424000 156.427002 1.000000 67.903000 15.251000 51.428001 100.638000 -63.282001 81.190002 74.473000 1.000000
-27.802000 26.228001 158.923996 -79.200996 -15.441000 -29.336000 156.417007 1.000000 67.903000 15.251000 51.428001 100.637001 -63.284000 81.190002 74.474998 1.000000
-27.816999 26.233000 158.927994 -79.220001 -15.413000 -29.250999 156.412994 1.000000 67.903000 15.253000 51.428001 100.637001 -63.282001 81.190002 74.472000 1.000000
-27.854000 26.266001 158.936005 -79.278000 -15.368000 -29.115999 156.406006 1.000000 67.903000 15.251000 51.428001 100.640999 -63.284000 81.188004 74.474998 1.000000
-27.879999 26.287001 158.942993 -79.306999 -15.332000 -29.016001 156.397995 1.000000 67.903000 15.253000 51.428001 100.639999 -63.284000 81.190002 74.475998 1.000000
-27.921000 26.316000 158.949997 -79.347000 -15.302000 -28.959999 156.393997 1.000000 67.904999 15.253000 51.428001 100.640999 -63.284000 81.188004 74.473000 1.000000
-27.938999 26.332001 158.953995 -79.365997 -15.286000 -28.917999 156.386993 0.000000 67.903000 15.251000 51.429001 100.639999 -63.284000 81.190002 74.472000 1.000000
-27.972000 26.361000 158.964996 -79.413002 -15.236000 -28.750999 156.376007 0.000000 67.903000 15.253000 51.428001 100.639999 -63.282001 81.190002 74.472000 1.000000
-28.002001 26.382999 158.968994 -79.454002 -15.198000 -28.604000 156.367004 0.000000 67.903000 15.253000 51.428001 100.638000 -63.282001 81.190002 74.474998 1.000000
-28.070999 26.406000 158.966003 -79.538002 -15.158000 -28.462000 156.363998 0.000000 67.903000 15.253000 51.429001 100.638000 -63.284000 81.191002 74.473000 1.000000
-28.096001 26.410999 158.968002 -79.559998 -15.148000 -28.361000 156.360001 0.000000 67.902000 15.251000 51.429001 100.640999 -63.284000 81.190002 74.473000 1.000000
-28.132999 26.423000 158.968994 -79.600998 -15.135000 -28.169001 156.347000 0.000000 67.904999 15.253000 51.428001 100.637001 -63.284000 81.190002 74.473000 1.000000
-28.153000 26.427999 158.966003 -79.625999 -15.130000 -28.125999 156.339996 0.000000 67.904999 15.253000 51.428001 100.637001 -63.284000 81.190002 74.473000 1.000000
-28.171000 26.433001 158.964996 -79.642998 -15.129000 -28.103001 156.334000 0.000000 67.903000 15.251000 51.429001 100.639999 -63.282001 81.190002 74.473000 1.000000
-28.198999 26.445000 158.938995 -79.693001 -15.121000 -28.023001 156.309998 0.000000 67.903000 15.251000 51.428001 100.638000 -63.284000 81.190002 74.472000 1.000000
-28.223000 26.448000 158.910995 -79.728996 -15.130000 -27.975000 156.296005 0.000000 67.903000 15.251000 51.428001 100.638000 -63.284000 81.190002 74.473000 1.000000
-28.247000 26.448999 158.891998 -79.750999 -15.144000 -27.938999 156.287994 0.000000 67.903000 15.251000 51.428001 100.642998 -63.284000 81.190002 74.473000 1.000000
-28.291000 26.445000 158.826004 -79.780998 -15.165000 -27.784000 156.287003 0.000000 67.904999 15.253000 51.428001 100.640999 -63.284000 81.190002 74.473000 1.000000
-28.306000 26.441999 158.792999 -79.792999 -15.161000 -27.698999 156.283997 0.000000 67.903000 15.251000 51.428001 100.639999 -63.284000 81.190002 74.474998 1.000000
-28.333000 26.434000 158.737000 -79.806000 -15.158000 -27.639999 156.287003 0.000000 67.903000 15.253000 51.428001 100.640999 -63.282001 81.190002 74.473000 1.000000
-28.358000 26.424000 158.677994 -79.825996 -15.158000 -27.533001 156.287994 0.000000 67.903000 15.253000 51.428001 100.642998 -63.284000 81.190002 74.472000 1.000000
-28.358000 26.424000 158.677994 -79.825996 -15.158000 -27.533001 156.287994 0.000000 67.904999 15.253000 51.428001 100.639999 -63.284000 81.190002 74.473000 1.000000
-28.377001 26.412001 158.608994 -79.848999 -15.163000 -27.431999 156.287003 0.000000 67.902000 15.251000 51.428001 100.637001 -63.284000 81.190002 74.473000 1.000000
-28.405001 26.393999 158.494003 -79.864998 -15.189000 -27.323999 156.289993 0.000000 67.903000 15.253000 51.428001 100.636002 -63.284000 81.190002 74.473000 1.000000
-28.429001 26.356001 158.404999 -79.890999 -15.232000 -27.254999 156.292007 0.000000 67.903000 15.251000 51.428001 100.637001 -63.284000 81.190002 74.473000 1.000000
-28.438999 26.334999 158.350006 -79.896004 -15.250000 -27.235001 156.294006 0.000000 67.904999 15.253000 51.428001 100.638000 -63.284000 81.190002 74.473000 1.000000
-28.448999 26.308001 158.270996 -79.906998 -15.282000 -27.212999 156.294006 0.000000 67.903000 15.251000 51.428001 100.637001 -63.284000 81.188004 74.473000 1.000000
-28.458000 26.278999 158.203995 -79.911003 -15.317000 -27.200001 156.298004 0.000000 67.903000 15.253000 51.428001 100.638000 -63.284000 81.190002 74.472000 1.000000
-28.478001 26.216000 158.022995 -79.921997 -15.389000 -27.183001 156.300995 0.000000 67.903000 15.251000 51.428001 100.638000 -63.284000 81.190002 74.473000 1.000000
-28.495001 26.160999 157.891006 -79.945999 -15.481000 -27.184000 156.298996 0.000000 67.903000 15.253000 51.428001 100.639999 -63.284000 81.190002 74.472000 1.000000
-28.497000 26.113001 157.776001 -79.950996 -15.511000 -27.181000 156.304993 0.000000 67.903000 15.253000 51.428001 100.639999 -63.284000 81.190002 74.473000 1.000000
-28.510000 26.042999 157.617996 -79.955002 -15.553000 -27.177999 156.324005 0.000000 67.903000 15.251000 51.428001 100.638000 -63.284000 81.190002 74.474998 1.000000
-28.532000 25.941000 157.419006 -79.958000 -15.628000 -27.177000 156.343002 0.000000 67.903000 15.251000 51.428001 100.638000 -63.282001 81.190002 74.474998 1.000000
-28.538000 25.891001 157.315994 -79.955002 -15.670000 -27.177000 156.348999 0.000000 67.903000 15.253000 51.428001 100.639999 -63.282001 81.190002 74.472000 1.000000
-28.563000 25.775999 157.102997 -79.957001 -15.825000 -27.177999 156.350998 0.000000 67.904999 15.253000 51.428001 100.639999 -63.282001 81.190002 74.473000 1.000000
-28.579000 25.712999 156.996994 -79.954002 -15.919000 -27.184999 156.356003 0.000000 67.904999 15.251000 51.428001 100.638000 -63.282001 81.190002 74.472000 1.000000
-28.611000 25.565001 156.695999 -79.928001 -16.051001 -27.232000 156.365005 0.000000 67.903000 15.251000 51.428001 100.640999 -63.282001 81.190002 74.473000 1.000000
-28.622000 25.506001 156.598999 -79.917999 -16.115999 -27.266001 156.367004 0.000000 67.904999 15.253000 51.429001 100.639999 -63.282001 81.190002 74.473000 1.000000
-28.622999 25.455999 156.511002 -79.910004 -16.191999 -27.309000 156.367996 0.000000 67.903000 15.251000 51.429001 100.639999 -63.282001 81.190002 74.474998 1.000000
-28.639999 25.330999 156.264008 -79.892998 -16.357000 -27.445000 156.367996 0.000000 67.903000 15.251000 51.428001 100.639999 -63.284000 81.190002 74.473000 1.000000
-28.648001 25.271000 156.154007 -79.877998 -16.417000 -27.504999 156.367996 0.000000 67.903000 15.251000 51.428001 100.640999 -63.284000 81.190002 74.472000 1.000000
-28.666000 25.184000 156.000000 -79.845001 -16.485001 -27.570999 156.367996 0.000000 67.903000 15.251000 51.428001 100.642998 -63.284000 81.190002 74.473000 1.000000
-28.719000 24.912001 155.466995 -79.751999 -16.875000 -27.719000 156.373001 0.000000 67.903000 15.251000 51.428001 100.642998 -63.284000 81.190002 74.473000 1.000000
-28.719000 24.912001 155.466995 -79.751999 -16.875000 -27.719000 156.373001 0.000000 67.904999 15.251000 51.428001 100.640999 -63.284000 81.190002 74.474998 1.000000
-28.736000 24.737000 155.139008 -79.682999 -17.042999 -27.889999 156.389999 0.000000 67.903000 15.251000 51.426998 100.640999 -63.282001 81.190002 74.475998 1.000000
-28.761999 24.601999 154.878998 -79.626999 -17.250999 -28.014999 156.399002 0.000000 67.903000 15.253000 51.428001 100.640999 -63.284000 81.190002 74.473000 1.000000
-28.796000 24.385000 154.455994 -79.544998 -17.530001 -28.171000 156.412994 0.000000 67.903000 15.251000 51.428001 100.638000 -63.284000 81.190002 74.473000 1.000000
-28.813000 24.278000 154.270996 -79.505997 -17.694000 -28.247000 156.419006 0.000000 67.904999 15.251000 51.428001 100.638000 -63.282001 81.190002 74.472000 1.000000
-28.823999 24.171000 154.048004 -79.445999 -17.822001 -28.372999 156.423004 0.000000 67.903000 15.251000 51.429001 100.637001 -63.284000 81.190002 74.472000 1.000000
-28.834999 24.003000 153.727997 -79.373001 -18.024000 -28.538000 156.425995 0.000000 67.903000 15.251000 51.429001 100.637001 -63.284000 81.190002 74.472000 1.000000
-28.847000 23.815001 153.343002 -79.288002 -18.257000 -28.639999 156.429993 0.000000 67.903000 15.251000 51.429001 100.638000 -63.284000 81.190002 74.474998 1.000000
-28.854000 23.687000 153.067001 -79.207001 -18.424999 -28.768999 156.436996 0.000000 67.903000 15.251000 51.428001 100.640999 -63.284000 81.190002 74.473000 1.000000
-28.865999 23.483999 152.656998 -79.098000 -18.722000 -29.009001 156.445999 0.000000 67.903000 15.251000 51.428001 100.640999 -63.282001 81.190002 74.474998 1.000000
-28.870001 23.368999 152.460999 -79.036003 -18.881001 -29.068001 156.453003 0.000000 67.904999 15.253000 51.428001 100.639999 -63.284000 81.190002 74.472000 1.000000
-28.881001 23.197001 152.095993 -78.927002 -19.135000 -29.267000 156.457001 0.000000 67.903000 15.251000 51.428001 100.639999 -63.284000 81.190002 74.470001 1.000000
-28.885000 23.115999 151.934006 -78.880997 -19.242001 -29.421000 156.462997 0.000000 67.903000 15.251000 51.428001 100.638000 -63.282001 81.190002 74.472000 1.000000
-28.891001 23.028000 151.766998 -78.830002 -19.355000 -29.466000 156.464996 0.000000 67.903000 15.251000 51.428001 100.638000 -63.284000 81.190002 74.472000 1.000000
-28.898001 22.797001 151.294998 -78.669998 -19.681999 -29.733000 156.468002 0.000000 67.904999 15.251000 51.428001 100.640999 -63.284000 81.190002 74.472000 1.000000
-28.896000 22.705000 151.123001 -78.609001 -19.830000 -29.884001 156.472000 0.000000 67.903000 15.251000 51.428001 100.652000 -63.282001 81.190002 74.472000 1.000000
-28.898001 22.636999 150.975006 -78.545998 -19.986000 -29.958000 156.477997 0.000000 67.902000 15.251000 51.428001 100.636002 -63.284000 81.190002 74.472000 1.000000
-28.895000 22.497000 150.714996 -78.448997 -20.139999 -30.121000 156.481995 0.000000 67.903000 15.251000 51.428001 100.638000 -63.284000 81.190002 74.472000 1.000000
-28.881001 22.329000 150.404007 -78.293999 -20.417999 -30.399000 156.494003 0.000000 67.903000 15.251000 51.428001 100.642998 -63.282001 81.190002 74.473000 1.000000
-28.868999 22.230000 150.253006 -78.204002 -20.528999 -30.499001 156.500000 0.000000 67.903000 15.251000 51.428001 100.643997 -63.284000 81.190002 74.474998 1.000000
-28.827999 22.048000 149.904999 -78.024002 -20.841999 -30.848000 156.511002 0.000000 67.903000 15.251000 51.428001 100.643997 -63.284000 81.190002 74.474998 1.000000
-28.827999 22.048000 149.904999 -78.024002 -20.841999 -30.848000 156.511002 0.000000 67.903000 15.253000 51.428001 100.647003 -63.282001 81.190002 74.474998 1.000000
-28.809999 21.889999 149.639008 -77.865997 -21.045000 -31.080999 156.516006 0.000000 67.903000 15.251000 51.428001 100.644997 -63.282001 81.190002 74.473000 1.000000
-28.792999 21.837999 149.539993 -77.799004 -21.181000 -31.235001 156.518005 0.000000 67.902000 15.253000 51.429001 100.643997 -63.284000 81.190002 74.472000 1.000000
-28.729000 21.625999 149.190002 -77.561996 -21.472000 -31.552000 156.524002 0.000000 67.904999 15.251000 51.426998 100.643997 -63.284000 81.190002 74.472000 1.000000
-28.704000 21.555000 149.057007 -77.457001 -21.596001 -31.729000 156.529999 0.000000 67.903000 15.251000 51.428001 100.643997 -63.284000 81.190002 74.473000 1.000000
-28.659000 21.400999 148.835007 -77.250999 -21.872999 -32.063999 156.544006 0.000000 67.903000 15.251000 51.428001 100.640999 -63.282001 81.190002 74.473000 1.000000
-28.625999 21.312000 148.667999 -77.103996 -22.017000 -32.250999 156.548004 0.000000 67.904999 15.251000 51.428001 100.642998 -63.284000 81.190002 74.472000 1.000000
-28.548000 21.143999 148.432007 -76.847000 -22.306000 -32.653999 156.559998 0.000000 67.903000 15.251000 51.428001 100.651001 -63.282001 81.190002 74.472000 1.000000
-28.510000 21.077999 148.330994 -76.739998 -22.388000 -32.791000 156.567001 0.000000 67.903000 15.253000 51.428001 100.647003 -63.282001 81.190002 74.472000 1.000000
-28.483999 21.011000 148.248001 -76.633003 -22.548000 -33.036999 156.578995 0.000000 67.903000 15.251000 51.426998 100.640999 -63.284000 81.190002 74.474998 1.000000
-28.398001 20.854000 148.050995 -76.383003 -22.798000 -33.402000 156.598999 0.000000 67.903000 15.251000 51.428001 100.644997 -63.282001 81.190002 74.472000 1.000000
-28.325001 20.739000 147.889008 -76.156998 -23.054001 -33.719002 156.598999 0.000000 67.904999 15.251000 51.428001 100.648003 -63.282001 81.188004 74.473000 1.000000
-28.325001 20.739000 147.889008 -76.156998 -23.054001 -33.719002 156.598999 0.000000 67.903000 15.251000 51.428001 100.639999 -63.282001 81.190002 74.474998 1.000000
-28.270000 20.639000 147.787994 -75.948997 -23.218000 -34.016998 156.600006 0.000000 67.903000 15.253000 51.428001 100.653999 -63.284000 81.188004 74.472000 1.000000
-28.153000 20.474001 147.639008 -75.613998 -23.540001 -34.471001 156.600998 0.000000 67.903000 15.253000 51.426998 100.636002 -63.284000 81.190002 74.470001 1.000000
-28.063999 20.348000 147.526993 -75.333000 -23.731001 -34.862999 156.600998 0.000000 67.904999 15.253000 51.426998 100.642998 -63.284000 81.190002 74.473000 1.000000
-28.063999 20.348000 147.526993 -75.333000 -23.731001 -34.862999 156.600998 0.000000 67.903000 15.253000 51.428001 100.642998 -63.282001 81.190002 74.474998 1.000000
-27.895000 20.146999 147.347000 -74.875000 -24.146999 -35.501999 156.606995 0.000000 67.903000 15.251000 51.429001 100.643997 -63.284000 81.191002 74.473000 1.000000
-27.811001 20.066000 147.259003 -74.655998 -24.347000 -35.819000 156.608002 0.000000 67.904999 15.251000 51.428001 100.642998 -63.282001 81.190002 74.474998 1.000000
-27.811001 20.066000 147.259003 -74.655998 -24.347000 -35.819000 156.608002 0.000000 67.904999 15.251000 51.428001 100.642998 -63.284000 81.190002 74.473000 1.000000
-27.610001 19.885000 147.162994 -74.175003 -24.745001 -36.548000 156.608002 0.000000 67.904999 15.251000 51.428001 100.642998 -63.284000 81.190002 74.473000 1.000000
-27.548000 19.802000 147.115997 -73.990997 -24.903999 -36.778999 156.608002 0.000000 67.903000 15.251000 51.429001 100.642998 -63.284000 81.190002 74.472000 1.000000
-27.497000 19.761000 147.091003 -73.864998 -24.990999 -36.970001 156.608002 0.000000 67.903000 15.253000 51.428001 100.642998 -63.282001 81.190002 74.472000 1.000000
-27.277000 19.587000 147.011993 -73.346001 -25.393000 -37.706001 156.610001 0.000000 67.903000 15.253000 51.428001 100.642998 -63.282001 81.190002 74.472000 1.000000
-27.277000 19.587000 147.011993 -73.346001 -25.393000 -37.706001 156.610001 0.000000 67.903000 15.251000 51.428001 100.642998 -63.284000 81.190002 74.473000 1.000000
-27.118999 19.451000 146.970993 -72.938004 -25.636000 -38.202000 156.610992 0.000000 67.903000 15.251000 51.428001 100.642998 -63.284000 81.190002 74.473000 1.000000
-26.952000 19.318001 146.932007 -72.533997 -25.955000 -38.848999 156.606995 0.000000 67.903000 15.251000 51.428001 100.644997 -63.284000 81.190002 74.472000 1.000000
-26.896999 19.268999 146.927002 -72.404999 -26.030001 -38.965000 156.610001 0.000000 67.903000 15.251000 51.428001 100.642998 -63.284000 81.190002 74.474998 1.000000
-26.809999 19.205000 146.910995 -72.157997 -26.243000 -39.375000 156.606995 0.000000 67.903000 15.251000 51.428001 100.643997 -63.284000 81.190002 74.474998 1.000000
-26.726999 19.150000 146.906006 -71.963997 -26.379000 -39.679001 156.606995 0.000000 67.904999 15.251000 51.428001 100.642998 -63.284000 81.190002 74.473000 1.000000
-26.492001 18.989000 146.891998 -71.430000 -26.731001 -40.365002 156.604004 0.000000 67.904999 15.253000 51.428001 100.644997 -63.284000 81.190002 74.474998 1.000000
-26.375999 18.917999 146.882996 -71.158997 -26.906000 -40.821999 156.602997 0.000000 67.903000 15.251000 51.428001 100.643997 -63.284000 81.190002 74.472000 1.000000
-26.108999 18.750000 146.865997 -70.560997 -27.281000 -41.652000 156.600006 0.000000 67.904999 15.251000 51.428001 100.644997 -63.284000 81.190002 74.473000 1.000000
-26.007000 18.683001 146.865005 -70.302002 -27.452999 -42.028000 156.595001 0.000000 67.903000 15.251000 51.428001 100.644997 -63.284000 81.190002 74.472000 1.000000
-25.798000 18.562000 146.863007 -69.862000 -27.735001 -42.629002 156.585007 0.000000 67.903000 15.251000 51.429001 100.644997 -63.284000 81.188004 74.474998 1.000000
-25.530001 18.417999 146.862000 -69.274002 -28.118999 -43.416000 156.567993 0.000000 67.903000 15.251000 51.429001 100.644997 -63.284000 81.188004 74.474998 1.000000
-25.389999 18.326000 146.862000 -68.955002 -28.320999 -43.926998 156.559006 0.000000 67.904999 15.251000 51.428001 100.644997 -63.284000 81.190002 74.473000 1.000000
-25.249001 18.247999 146.860992 -68.623001 -28.525999 -44.323002 156.552002 0.000000 67.903000 15.251000 51.429001 100.644997 -63.284000 81.190002 74.474998 1.000000
-24.992001 18.099001 146.882996 -68.014000 -28.922001 -45.237000 156.535004 0.000000 67.904999 15.251000 51.428001 100.647003 -63.284000 81.190002 74.475998 1.000000
-24.723000 17.948000 146.932999 -67.445000 -29.198000 -45.965000 156.520004 0.000000 67.904999 15.253000 51.428001 100.643997 -63.284000 81.188004 74.474998 1.000000
-24.618999 17.893000 146.955002 -67.213997 -29.363001 -46.296001 156.509003 0.000000 67.903000 15.251000 51.428001 100.644997 -63.282001 81.190002 74.475998 1.000000
-24.318001 17.736000 147.009995 -66.523003 -29.785999 -47.304001 156.472000 0.000000 67.904999 15.251000 51.428001 100.644997 -63.284000 81.188004 74.474998 1.000000
-24.007000 17.573000 147.084000 -65.863998 -30.113001 -48.117001 156.445999 0.000000 67.904999 15.251000 51.428001 100.643997 -63.284000 81.190002 74.474998 1.000000
-23.913000 17.520000 147.104004 -65.625000 -30.319000 -48.514000 156.432007 0.000000 67.903000 15.251000 51.428001 100.648003 -63.284000 81.190002 74.474998 1.000000
-23.686001 17.410999 147.154999 -65.148003 -30.532000 -49.099998 156.419006 0.000000 67.903000 15.251000 51.426998 100.647003 -63.282001 81.190002 74.473000 1.000000
-23.469999 17.296000 147.195999 -64.650002 -30.867001 -49.858002 156.395004 0.000000 67.903000 15.251000 51.428001 100.647003 -63.284000 81.190002 74.474998 1.000000
-23.216000 17.160999 147.251999 -64.007004 -31.188000 -50.653000 156.354004 0.000000 67.903000 15.251000 51.428001 100.644997 -63.284000 81.190002 74.476997 1.000000
-22.931000 17.034000 147.324997 -63.355000 -31.573000 -51.601002 156.302002 0.000000 67.903000 15.253000 51.428001 100.652000 -63.282001 81.190002 74.475998 1.000000
-22.788000 16.957001 147.358994 -63.016998 -31.735001 -52.002998 156.279999 0.000000 67.904999 15.251000 51.428001 100.647003 -63.284000 81.190002 74.474998 1.000000
-22.612000 16.861000 147.399994 -62.626999 -31.929001 -52.535000 156.253998 0.000000 67.903000 15.251000 51.428001 100.643997 -63.282001 81.190002 74.476997 1.000000
-22.372999 16.749001 147.455002 -62.046001 -32.235001 -53.345001 156.220001 0.000000 67.903000 15.251000 51.428001 100.649002 -63.284000 81.190002 74.474998 1.000000
-22.284000 16.711000 147.473007 -61.835999 -32.355999 -53.596001 156.212997 0.000000 67.904999 15.253000 51.428001 100.642998 -63.282001 81.190002 74.476997 1.000000
-21.921000 16.549999 147.550003 -61.041000 -32.778999 -54.665001 156.158005 0.000000 67.903000 15.251000 51.428001 100.644997 -63.282001 81.190002 74.474998 1.000000
-21.780001 16.504000 147.572998 -60.736000 -32.911999 -54.987999 156.141006 0.000000 67.902000 15.251000 51.428001 100.647003 -63.285000 81.190002 74.475998 1.000000
-21.441999 16.389999 147.608994 -59.995998 -33.223999 -55.936001 156.098999 0.000000 67.903000 15.251000 51.428001 100.643997 -63.284000 81.190002 74.475998 1.000000
-21.254000 16.332001 147.619995 -59.562000 -33.433998 -56.467999 156.074005 0.000000 67.903000 15.251000 51.429001 100.644997 -63.284000 81.190002 74.475998 1.000000
-20.948000 16.229000 147.632004 -58.908001 -33.671001 -57.304001 156.039993 0.000000 67.903000 15.250000 51.428001 100.647003 -63.282001 81.190002 74.475998 1.000000
-20.853001 16.198999 147.636993 -58.702000 -33.773998 -57.546001 156.026993 0.000000 67.902000 15.251000 51.429001 100.648003 -63.282001 81.190002 74.476997 1.000000
-20.565001 16.146999 147.639008 -58.112999 -33.984001 -58.270000 155.988998 0.000000 67.903000 15.251000 51.428001 100.647003 -63.284000 81.190002 74.474998 1.000000
-20.398001 16.115999 147.639008 -57.763000 -34.070000 -58.658001 155.964005 0.000000 67.904999 15.251000 51.428001 100.648003 -63.284000 81.190002 74.474998 1.000000
-20.127001 16.063999 147.630997 -57.181999 -34.314999 -59.416000 155.904007 0.000000 67.903000 15.251000 51.428001 100.648003 -63.282001 81.188004 74.475998 1.000000
-19.872000 16.025999 147.602005 -56.653000 -34.453999 -60.056000 155.860992 0.000000 67.904999 15.251000 51.426998 100.649002 -63.282001 81.190002 74.474998 1.000000
-19.679001 16.000000 147.559998 -56.088001 -34.578999 -60.580002 155.828003 0.000000 67.904999 15.251000 51.426998 100.652000 -63.284000 81.190002 74.475998 1.000000
-19.487000 15.986000 147.494003 -55.630001 -34.716000 -61.007999 155.800995 0.000000 67.903000 15.250000 51.429001 100.649002 -63.284000 81.190002 74.475998 1.000000
-19.212000 15.978000 147.408997 -54.990002 -34.883999 -61.748001 155.768005 0.000000 67.903000 15.251000 51.428001 100.651001 -63.282001 81.190002 74.474998 1.000000
-19.091999 15.976000 147.365997 -54.730999 -34.922001 -62.036999 155.753006 0.000000 67.903000 15.251000 51.428001 100.651001 -63.282001 81.190002 74.475998 1.000000
-18.950001 15.971000 147.319000 -54.429001 -34.973000 -62.348000 155.727997 0.000000 67.903000 15.250000 51.428001 100.649002 -63.284000 81.190002 74.476997 1.000000
-18.610001 15.956000 147.192993 -53.702999 -35.148998 -63.035999 155.675995 0.000000 67.903000 15.250000 51.428001 100.648003 -63.284000 81.190002 74.478996 1.000000
-18.499001 15.954000 147.147995 -53.451000 -35.200001 -63.285999 155.654999 0.000000 67.903000 15.250000 51.428001 100.649002 -63.282001 81.190002 74.475998 1.000000
-18.249001 15.954000 147.035004 -52.914001 -35.292999 -63.834000 155.608002 0.000000 67.905998 15.250000 51.428001 100.649002 -63.284000 81.190002 74.473000 1.000000
-17.999001 15.958000 146.886993 -52.347000 -35.365002 -64.341003 155.559006 0.000000 67.904999 15.251000 51.426998 100.648003 -63.284000 81.190002 74.475998 1.000000
-17.999001 15.958000 146.886993 -52.347000 -35.365002 -64.341003 155.559006 0.000000 67.903000 15.250000 51.428001 100.651001 -63.284000 81.190002 74.475998 1.000000
-17.726000 15.971000 146.738007 -51.730000 -35.484001 -64.981003 155.511002 0.000000 67.903000 15.251000 51.428001 100.649002 -63.284000 81.190002 74.475998 1.000000
-17.504000 16.000999 146.600006 -51.208000 -35.608002 -65.378998 155.462006 0.000000 67.903000 15.250000 51.428001 100.648003 -63.284000 81.190002 74.478996 1.000000
-17.392000 16.020000 146.501007 -50.957001 -35.680000 -65.620003 155.429001 0.000000 67.902000 15.251000 51.428001 100.648003 -63.284000 81.190002 74.476997 1.000000
-17.271000 16.040001 146.423996 -50.651001 -35.730000 -65.903999 155.399994 0.000000 67.903000 15.251000 51.429001 100.647003 -63.282001 81.190002 74.476997 1.000000
-17.098000 16.073999 146.281998 -50.241001 -35.792000 -66.236000 155.360001 0.000000 67.904999 15.251000 51.429001 100.644997 -63.284000 81.190002 74.476997 1.000000
-17.004000 16.091999 146.229004 -50.049000 -35.816002 -66.408997 155.335007 0.000000 67.903000 15.250000 51.428001 100.648003 -63.284000 81.190002 74.475998 1.000000
-16.743000 16.155001 146.026993 -49.423000 -35.972000 -66.886002 155.270996 0.000000 67.903000 15.251000 51.428001 100.647003 -63.282001 81.190002 74.476997 1.000000
-16.643999 16.174999 145.964996 -49.220001 -36.043999 -67.056999 155.246002 0.000000 67.903000 15.251000 51.429001 100.647003 -63.284000 81.190002 74.476997 1.000000
-16.474001 16.221001 145.828995 -48.816002 -36.148998 -67.333000 155.195999 0.000000 67.904999 15.251000 51.428001 100.644997 -63.284000 81.190002 74.475998 1.000000
-16.474001 16.221001 145.828995 -48.816002 -36.148998 -67.333000 155.195999 0.000000 67.903000 15.251000 51.428001 100.644997 -63.284000 81.190002 74.476997 1.000000
-16.214001 16.309000 145.595993 -48.144001 -36.275002 -67.789001 155.121002 0.000000 67.903000 15.251000 51.429001 100.647003 -63.284000 81.190002 74.474998 1.000000
-16.129999 16.340000 145.537994 -47.964001 -36.328999 -67.933998 155.093002 0.000000 67.903000 15.251000 51.428001 100.647003 -63.284000 81.190002 74.476997 1.000000
-16.055000 16.368999 145.455994 -47.742001 -36.403999 -68.097000 155.076996 0.000000 67.903000 15.251000 51.429001 100.647003 -63.284000 81.190002 74.475998 1.000000
-15.923000 16.412001 145.369003 -47.433998 -36.514999 -68.255997 155.050003 0.000000 67.903000 15.251000 51.428001 100.648003 -63.284000 81.190002 74.476997 1.000000
-15.799000 16.448999 145.270004 -47.160000 -36.591000 -68.510002 155.033005 0.000000 67.903000 15.251000 51.429001 100.649002 -63.282001 81.190002 74.476997 1.000000
-15.739000 16.473000 145.203003 -46.995998 -36.636002 -68.623001 155.016998 0.000000 67.903000 15.251000 51.428001 100.649002 -63.284000 81.190002 74.476997 1.000000
-15.663000 16.513000 145.136002 -46.755001 -36.680000 -68.686996 154.992996 0.000000 67.903000 15.251000 51.428001 100.652000 -63.284000 81.190002 74.475998 1.000000
-15.571000 16.545000 145.078995 -46.549000 -36.738998 -68.875999 154.957993 0.000000 67.904999 15.251000 51.428001 100.651001 -63.282001 81.190002 74.476997 1.000000
-15.426000 16.597000 144.966003 -46.165001 -36.901001 -69.106003 154.914001 0.000000 67.903000 15.251000 51.429001 100.651001 -63.284000 81.190002 74.476997 1.000000
-15.357000 16.632999 144.919998 -45.966000 -36.973000 -69.223999 154.886002 0.000000 67.903000 15.251000 51.429001 100.651001 -63.284000 81.190002 74.476997 1.000000
-15.184000 16.711000 144.809006 -45.477001 -37.096001 -69.535004 154.841003 0.000000 67.903000 15.251000 51.428001 100.649002 -63.284000 81.190002 74.476997 1.000000
-15.117000 16.739000 144.750000 -45.313999 -37.131001 -69.613998 154.826996 0.000000 67.903000 15.251000 51.428001 100.649002 -63.284000 81.190002 74.474998 1.000000
-15.012000 16.791000 144.688995 -44.959999 -37.194000 -69.862999 154.792999 0.000000 67.903000 15.253000 51.428001 100.649002 -63.282001 81.190002 74.474998 1.000000
-14.920000 16.846001 144.625000 -44.638000 -37.300999 -70.017998 154.753998 0.000000 67.903000 15.253000 51.428001 100.651001 -63.282001 81.190002 74.475998 1.000000
-14.863000 16.877001 144.591003 -44.472000 -37.356998 -70.089996 154.735001 0.000000 67.903000 15.251000 51.428001 100.651001 -63.282001 81.190002 74.474998 1.000000
-14.780000 16.940001 144.526001 -44.167000 -37.438000 -70.342003 154.709000 0.000000 67.903000 15.253000 51.428001 100.651001 -63.282001 81.188004 74.474998 1.000000
-14.780000 16.940001 144.526001 -44.167000 -37.438000 -70.342003 154.709000 0.000000 67.903000 15.251000 51.428001 100.649002 -63.284000 81.190002 74.476997 1.000000
-14.636000 17.054001 144.455002 -43.637001 -37.526001 -70.566002 154.656998 0.000000 67.904999 15.251000 51.428001 100.651001 -63.284000 81.190002 74.476997 1.000000
-14.578000 17.093000 144.416000 -43.430000 -37.558998 -70.709000 154.639999 0.000000 67.902000 15.253000 51.426998 100.651001 -63.284000 81.190002 74.475998 1.000000
-14.481000 17.156000 144.350006 -43.064999 -37.613998 -70.874001 154.606995 0.000000 67.903000 15.254000 51.428001 100.649002 -63.284000 81.190002 74.474998 1.000000
-14.414000 17.215000 144.285995 -42.772999 -37.673000 -71.018997 154.576996 0.000000 67.903000 15.253000 51.428001 100.651001 -63.285000 81.190002 74.475998 1.000000
-14.379000 17.238001 144.268005 -42.660999 -37.705002 -71.102997 154.569000 0.000000 67.903000 15.254000 51.429001 100.651001 -63.284000 81.190002 74.475998 1.000000
-14.349000 17.261999 144.255997 -42.563000 -37.723999 -71.175003 154.559006 0.000000 67.903000 15.254000 51.428001 100.651001 -63.284000 81.191002 74.475998 1.000000
-14.232000 17.368999 144.173004 -41.987999 -37.853001 -71.445999 154.483994 0.000000 67.903000 15.253000 51.428001 100.651001 -63.284000 81.191002 74.476997 1.000000
-14.177000 17.410999 144.143997 -41.786999 -37.895000 -71.607002 154.447998 0.000000 67.903000 15.254000 51.428001 100.651001 -63.284000 81.191002 74.475998 1.000000
-14.081000 17.476000 144.085007 -41.362000 -37.959000 -71.802002 154.404999 0.000000 67.903000 15.253000 51.428001 100.651001 -63.284000 81.193001 74.478996 1.000000
-14.029000 17.506001 144.052002 -41.155998 -37.987000 -71.930000 154.378006 0.000000 67.904999 15.254000 51.428001 100.651001 -63.284000 81.193001 74.476997 1.000000
-13.981000 17.535999 144.037003 -40.991001 -38.019001 -72.058998 154.345993 0.000000 67.903000 15.254000 51.428001 100.649002 -63.282001 81.191002 74.476997 1.000000
-13.878000 17.622000 143.977997 -40.479000 -38.088001 -72.299004 154.274994 0.000000 67.902000 15.254000 51.428001 100.649002 -63.284000 81.193001 74.475998 1.000000
-13.834000 17.653000 143.960007 -40.296001 -38.112000 -72.431999 154.257004 0.000000 67.903000 15.254000 51.428001 100.651001 -63.284000 81.191002 74.476997 1.000000
-13.756000 17.725000 143.904999 -39.872002 -38.203999 -72.678001 154.220993 0.000000 67.903000 15.254000 51.428001 100.652000 -63.284000 81.191002 74.476997 1.000000
-13.708000 17.768000 143.873993 -39.640999 -38.262001 -72.761002 154.199005 0.000000 67.903000 15.253000 51.428001 100.651001 -63.282001 81.195000 74.476997 1.000000
-13.614000 17.826000 143.815994 -39.256001 -38.334000 -73.039001 154.156998 0.000000 67.903000 15.254000 51.428001 100.648003 -63.282001 81.195000 74.476997 1.000000
-13.586000 17.851999 143.789993 -39.061001 -38.356998 -73.105003 154.141998 0.000000 67.903000 15.253000 51.428001 100.649002 -63.284000 81.195000 74.475998 1.000000
-13.525000 17.906000 143.751999 -38.755001 -38.398998 -73.233002 154.098999 0.000000 67.903000 15.254000 51.429001 100.649002 -63.284000 81.195000 74.475998 1.000000
-13.481000 17.940001 143.727997 -38.588001 -38.418999 -73.336998 154.074997 0.000000 67.903000 15.254000 51.428001 100.649002 -63.284000 81.195000 74.475998 1.000000
-13.445000 17.966000 143.705002 -38.430000 -38.443001 -73.464996 154.046997 0.000000 67.903000 15.254000 51.428001 100.648003 -63.282001 81.195000 74.476997 1.000000
-13.367000 18.039000 143.636002 -37.992001 -38.493999 -73.623001 154.001999 0.000000 67.903000 15.254000 51.428001 100.648003 -63.284000 81.195000 74.476997 1.000000
-13.336000 18.070999 143.610001 -37.827999 -38.521999 -73.718002 153.979996 0.000000 67.903000 15.254000 51.428001 100.648003 -63.284000 81.194000 74.475998 1.000000
-13.285000 18.115999 143.580994 -37.615002 -38.544998 -73.838997 153.955994 0.000000 67.903000 15.254000 51.428001 100.647003 -63.282001 81.195000 74.478996 1.000000
-13.209000 18.201000 143.501999 -37.191002 -38.601002 -74.021004 153.912003 0.000000 67.903000 15.254000 51.428001 100.648003 -63.284000 81.195000 74.476997 1.000000
-13.186000 18.224001 143.470993 -37.067001 -38.615002 -74.056999 153.899994 0.000000 67.903000 15.254000 51.428001 100.648003 -63.284000 81.194000 74.476997 1.000000
-13.097000 18.312000 143.382996 -36.683998 -38.669998 -74.278000 153.867004 0.000000 67.904999 15.254000 51.426998 100.649002 -63.284000 81.195000 74.475998 1.000000
-13.057000 18.362000 143.348999 -36.453999 -38.688999 -74.389000 153.847000 0.000000 67.903000 15.253000 51.429001 100.648003 -63.282001 81.195000 74.478996 1.000000
-13.003000 18.437000 143.289001 -36.139000 -38.724998 -74.490997 153.817993 0.000000 67.903000 15.254000 51.429001 100.648003 -63.282001 81.195000 74.474998 1.000000
-12.921000 18.542999 143.201996 -35.752998 -38.740002 -74.650002 153.787003 0.000000 67.903000 15.254000 51.429001 100.647003 -63.284000 81.195000 74.475998 1.000000
-12.863000 18.632000 143.139999 -35.365002 -38.751999 -74.860001 153.748001 0.000000 67.903000 15.254000 51.429001 100.647003 -63.284000 81.195000 74.475998 1.000000
-12.834000 18.684000 143.112000 -35.215000 -38.758999 -74.913002 153.729996 0.000000 67.904999 15.254000 51.428001 100.647003 -63.284000 81.194000 74.476997 1.000000
-12.775000 18.783001 143.046997 -34.880001 -38.772999 -75.011002 153.695007 0.000000 67.903000 15.254000 51.429001 100.647003 -63.282001 81.194000 74.476997 1.000000
-12.746000 18.844999 142.992004 -34.676998 -38.779999 -75.127998 153.679993 0.000000 67.903000 15.254000 51.428001 100.648003 -63.284000 81.195000 74.476997 1.000000
-12.698000 18.936001 142.914993 -34.326000 -38.791000 -75.285004 153.649994 0.000000 67.903000 15.254000 51.428001 100.648003 -63.284000 81.195000 74.476997 1.000000
-12.670000 18.999001 142.869995 -34.108002 -38.799999 -75.348999 153.619995 0.000000 67.903000 15.254000 51.428001 100.648003 -63.282001 81.194000 74.476997 1.000000
-12.652000 19.044001 142.841995 -33.960999 -38.799999 -75.379997 153.608002 0.000000 67.903000 15.254000 51.428001 100.648003 -63.284000 81.195000 74.475998 1.000000
-12.611000 19.134001 142.785995 -33.664001 -38.799999 -75.473999 153.572998 0.000000 67.902000 15.254000 51.428001 100.649002 -63.284000 81.194000 74.476997 1.000000
-12.593000 19.190001 142.757004 -33.511002 -38.801998 -75.574997 153.559998 0.000000 67.902000 15.254000 51.428001 100.649002 -63.284000 81.194000 74.476997 1.000000
-12.540000 19.327000 142.675995 -33.056000 -38.799999 -75.781998 153.524994 0.000000 67.903000 15.255000 51.428001 100.649002 -63.282001 81.195000 74.476997 1.000000
-12.527000 19.396000 142.638000 -32.858002 -38.799999 -75.829002 153.513000 0.000000 67.903000 15.254000 51.428001 100.648003 -63.284000 81.195000 74.474998 1.000000
-12.527000 19.396000 142.638000 -32.858002 -38.799999 -75.829002 153.513000 0.000000 67.904999 15.254000 51.428001 100.648003 -63.284000 81.195000 74.478996 1.000000
-12.492000 19.566000 142.531998 -32.409000 -38.798000 -76.050003 153.468002 0.000000 67.903000 15.254000 51.429001 100.648003 -63.282001 81.195000 74.476997 1.000000
-12.477000 19.631001 142.466003 -32.243000 -38.784000 -76.183998 153.451996 0.000000 67.903000 15.254000 51.428001 100.649002 -63.282001 81.194000 74.474998 1.000000
-12.466000 19.669001 142.438995 -32.112000 -38.769001 -76.232002 153.440002 0.000000 67.903000 15.254000 51.428001 100.648003 -63.282001 81.194000 74.475998 1.000000
-12.442000 19.809000 142.356003 -31.778999 -38.695000 -76.349998 153.419006 0.000000 67.904999 15.254000 51.428001 100.648003 -63.284000 81.194000 74.476997 1.000000
-12.421000 19.864000 142.302994 -31.639000 -38.669998 -76.442001 153.412994 0.000000 67.903000 15.254000 51.428001 100.649002 -63.284000 81.195000 74.476997 1.000000
-12.406000 19.931000 142.255997 -31.485001 -38.632000 -76.539001 153.406998 0.000000 67.903000 15.254000 51.428001 100.648003 -63.284000 81.195000 74.474998 1.000000
-12.385000 20.033001 142.175003 -31.226999 -38.555000 -76.705002 153.393005 0.000000 67.904999 15.255000 51.428001 100.648003 -63.282001 81.195000 74.476997 1.000000
-12.369000 20.084999 142.141998 -31.107000 -38.528999 -76.750000 153.388000 0.000000 67.904999 15.255000 51.428001 100.648003 -63.284000 81.195000 74.476997 1.000000
-12.351000 20.129000 142.100998 -30.985001 -38.501999 -76.800003 153.384995 0.000000 67.903000 15.254000 51.428001 100.649002 -63.284000 81.195000 74.476997 1.000000
-12.326000 20.205000 142.014008 -30.798000 -38.472000 -76.966003 153.373993 0.000000 67.903000 15.254000 51.429001 100.648003 -63.284000 81.195000 74.476997 1.000000
-12.300000 20.291000 141.964996 -30.598000 -38.445000 -77.101997 153.360001 0.000000 67.903000 15.254000 51.429001 100.648003 -63.284000 81.195000 74.476997 1.000000
-12.288000 20.361000 141.917999 -30.434000 -38.411999 -77.168999 153.347000 0.000000 67.903000 15.254000 51.429001 100.649002 -63.284000 81.194000 74.478996 1.000000
-12.288000 20.361000 141.917999 -30.434000 -38.411999 -77.168999 153.347000 0.000000 67.903000 15.254000 51.428001 100.648003 -63.284000 81.195000 74.476997 1.000000
-12.273000 20.427000 141.869003 -30.247999 -38.387001 -77.268997 153.330002 0.000000 67.903000 15.254000 51.428001 100.648003 -63.284000 81.195000 74.476997 1.000000
-12.263000 20.448999 141.860001 -30.191000 -38.382999 -77.313004 153.324997 0.000000 67.903000 15.254000 51.428001 100.648003 -63.282001 81.195000 74.478996 1.000000
-12.219000 20.525000 141.789993 -30.003000 -38.341999 -77.447998 153.317993 0.000000 67.904999 15.254000 51.428001 100.647003 -63.284000 81.195000 74.475998 1.000000
-12.181000 20.600000 141.744995 -29.827000 -38.290001 -77.570000 153.311005 0.000000 67.903000 15.254000 51.428001 100.648003 -63.282001 81.195000 74.478996 1.000000
-12.155000 20.659000 141.701004 -29.664000 -38.247002 -77.637001 153.307999 0.000000 67.903000 15.255000 51.428001 100.648003 -63.282001 81.195000 74.476997 1.000000
-12.128000 20.705000 141.656006 -29.538000 -38.213001 -77.720001 153.304993 0.000000 67.903000 15.254000 51.428001 100.648003 -63.284000 81.195000 74.475998 1.000000
-12.093000 20.757999 141.602005 -29.377001 -38.160999 -77.893997 153.298996 0.000000 67.903000 15.254000 51.428001 100.648003 -63.284000 81.195000 74.475998 1.000000
-12.074000 20.785999 141.574997 -29.285000 -38.143002 -77.949997 153.294006 0.000000 67.903000 15.254000 51.429001 100.649002 -63.284000 81.195000 74.476997 1.000000
-12.032000 20.861000 141.529999 -29.101000 -38.101002 -78.056000 153.281006 0.000000 67.903000 15.254000 51.428001 100.648003 -63.282001 81.195000 74.475998 1.000000
-12.028000 20.879999 141.514008 -29.035999 -38.096001 -78.074997 153.274002 0.000000 67.903000 15.254000 51.428001 100.648003 -63.284000 81.195000 74.474998 1.000000
-12.023000 20.893999 141.505005 -29.000999 -38.090000 -78.095001 153.270004 0.000000 67.903000 15.254000 51.428001 100.649002 -63.282001 81.195000 74.475998 1.000000
-11.995000 20.968000 141.460999 -28.840000 -38.062000 -78.210999 153.255997 0.000000 67.903000 15.254000 51.428001 100.651001 -63.284000 81.195000 74.476997 1.000000
-11.973000 21.020000 141.414001 -28.709999 -38.037998 -78.308998 153.248001 0.000000 67.903000 15.254000 51.428001 100.649002 -63.284000 81.195000 74.475998 1.000000
-11.957000 21.052000 141.363007 -28.583000 -38.020000 -78.379997 153.242004 0.000000 67.903000 15.254000 51.428001 100.649002 -63.284000 81.195000 74.476997 1.000000
-11.918000 21.139000 141.292999 -28.326000 -37.977001 -78.496002 153.218994 0.000000 67.904999 15.254000 51.428001 100.649002 -63.282001 81.194000 74.475998 1.000000
-11.902000 21.180000 141.261993 -28.236000 -37.955002 -78.524002 153.209000 0.000000 67.903000 15.254000 51.428001 100.648003 -63.284000 81.195000 74.476997 1.000000
-11.870000 21.247999 141.203995 -28.049999 -37.917000 -78.585999 153.190994 0.000000 67.903000 15.254000 51.428001 100.648003 -63.284000 81.195000 74.475998 1.000000
-11.852000 21.281000 141.173996 -27.952999 -37.895000 -78.640999 153.186005 0.000000 67.903000 15.254000 51.428001 100.648003 -63.284000 81.195000 74.476997 1.000000
-11.828000 21.351000 141.115997 -27.805000 -37.858002 -78.739998 153.173996 0.000000 67.903000 15.254000 51.428001 100.648003 -63.282001 81.195000 74.476997 1.000000
-11.813000 21.409000 141.070999 -27.643000 -37.827999 -78.806000 153.162994 0.000000 67.903000 15.254000 51.428001 100.648003 -63.282001 81.195000 74.475998 1.000000
-11.813000 21.409000 141.070999 -27.643000 -37.827999 -78.806000 153.162994 0.000000 67.902000 15.254000 51.429001 100.649002 -63.284000 81.195000 74.476997 1.000000
-11.802000 21.468000 141.018997 -27.475000 -37.812000 -78.872002 153.145996 0.000000 67.903000 15.254000 51.428001 100.648003 -63.284000 81.195000 74.476997 1.000000
-11.778000 21.527000 140.960007 -27.357000 -37.783001 -78.899002 153.130997 0.000000 67.903000 15.254000 51.428001 100.648003 -63.282001 81.194000 74.475998 1.000000
-11.773000 21.552999 140.934006 -27.292000 -37.759998 -78.917000 153.126007 0.000000 67.903000 15.255000 51.428001 100.648003 -63.284000 81.195000 74.480003 1.000000
-11.762000 21.599001 140.893997 -27.174000 -37.738998 -78.933998 153.110001 0.000000 67.903000 15.254000 51.428001 100.648003 -63.284000 81.195000 74.475998 1.000000
-11.726000 21.660000 140.843994 -27.011000 -37.706001 -78.971001 153.097000 0.000000 67.903000 15.255000 51.428001 100.649002 -63.282001 81.195000 74.476997 1.000000
-11.715000 21.691000 140.817993 -26.955999 -37.695000 -78.992996 153.087997 0.000000 67.904999 15.255000 51.428001 100.648003 -63.284000 81.195000 74.476997 1.000000
-11.710000 21.721001 140.787994 -26.895000 -37.673000 -79.016998 153.082993 0.000000 67.903000 15.254000 51.428001 100.649002 -63.284000 81.195000 74.476997 1.000000
-11.697000 21.754000 140.755997 -26.809000 -37.658001 -79.042000 153.076004 0.000000 67.904999 15.254000 51.429001 100.648003 -63.282001 81.195000 74.475998 1.000000
-11.679000 21.809000 140.699997 -26.666000 -37.636002 -79.126999 153.057999 0.000000 67.903000 15.255000 51.428001 100.651001 -63.282001 81.195000 74.478996 1.000000
-11.674000 21.833000 140.677994 -26.573000 -37.618000 -79.166000 153.050003 0.000000 67.903000 15.254000 51.428001 100.649002 -63.282001 81.195000 74.475998 1.000000
-11.670000 21.855000 140.666000 -26.532000 -37.608002 -79.181000 153.042999 0.000000 67.903000 15.255000 51.428001 100.651001 -63.282001 81.195000 74.480003 1.000000
-11.656000 21.919001 140.621994 -26.386999 -37.588001 -79.240997 153.024002 0.000000 67.903000 15.255000 51.428001 100.651001 -63.282001 81.195000 74.480003 1.000000
-11.649000 21.945000 140.602997 -26.319000 -37.582001 -79.262001 153.016998 0.000000 67.903000 15.254000 51.428001 100.649002 -63.284000 81.195000 74.478996 1.000000
-11.638000 21.990000 140.570999 -26.218000 -37.557999 -79.295998 153.003006 0.000000 67.903000 15.255000 51.426998 100.649002 -63.282001 81.195000 74.476997 1.000000
-11.629000 22.038000 140.533997 -26.087999 -37.528999 -79.314003 152.988007 0.000000 67.903000 15.254000 51.428001 100.649002 -63.282001 81.195000 74.475998 1.000000
-11.629000 22.038000 140.533997 -26.087999 -37.528999 -79.314003 152.988007 0.000000 67.904999 15.255000 51.428001 100.649002 -63.284000 81.195000 74.475998 1.000000
-11.624000 22.108999 140.496994 -25.940001 -37.484001 -79.350998 152.964996 0.000000 67.903000 15.254000 51.428001 100.649002 -63.284000 81.195000 74.475998 1.000000
-11.626000 22.129999 140.487000 -25.892000 -37.471001 -79.357002 152.957001 0.000000 67.903000 15.254000 51.429001 100.649002 -63.284000 81.195000 74.475998 1.000000
-11.624000 22.155001 140.472000 -25.841999 -37.452999 -79.373001 152.947998 0.000000 67.903000 15.254000 51.428001 100.648003 -63.282001 81.195000 74.476997 1.000000
-11.624000 22.195999 140.445999 -25.726999 -37.411999 -79.406998 152.932999 0.000000 67.903000 15.255000 51.428001 100.648003 -63.284000 81.195000 74.475998 1.000000
-11.626000 22.215000 140.438004 -25.674999 -37.397999 -79.419998 152.925995 0.000000 67.903000 15.255000 51.428001 100.649002 -63.284000 81.195000 74.476997 1.000000
-11.635000 22.259001 140.427002 -25.600000 -37.377998 -79.458000 152.917999 0.000000 67.903000 15.254000 51.428001 100.649002 -63.284000 81.195000 74.476997 1.000000
-11.642000 22.311001 140.391006 -25.466000 -37.342999 -79.521004 152.914993 0.000000 67.903000 15.254000 51.429001 100.648003 -63.284000 81.195000 74.475998 1.000000
-11.652000 22.364000 140.358994 -25.344000 -37.299000 -79.599998 152.904007 0.000000 67.904999 15.255000 51.428001 100.648003 -63.282001 81.195000 74.475998 1.000000
-11.660000 22.403000 140.332001 -25.242001 -37.268002 -79.641998 152.889008 0.000000 67.903000 15.254000 51.428001 100.648003 -63.284000 81.195000 74.476997 1.000000
-11.667000 22.436001 140.313004 -25.167999 -37.240002 -79.671997 152.882004 0.000000 67.903000 15.254000 51.428001 100.647003 -63.284000 81.194000 74.476997 1.000000
-11.674000 22.473000 140.298996 -25.077000 -37.216000 -79.719002 152.871994 0.000000 67.903000 15.254000 51.429001 100.648003 -63.285000 81.195000 74.478996 1.000000
-11.685000 22.514999 140.283005 -24.962999 -37.201000 -79.760002 152.863007 0.000000 67.903000 15.254000 51.428001 100.648003 -63.284000 81.195000 74.478996 1.000000
-11.689000 22.538000 140.272995 -24.903000 -37.181000 -79.783997 152.858994 0.000000 67.903000 15.254000 51.428001 100.648003 -63.284000 81.195000 74.475998 1.000000
-11.695000 22.559999 140.266006 -24.851000 -37.166000 -79.803001 152.852005 0.000000 67.903000 15.255000 51.428001 100.648003 -63.284000 81.195000 74.478996 1.000000
-11.706000 22.600000 140.246002 -24.752001 -37.153000 -79.835999 152.843994 0.000000 67.903000 15.254000 51.428001 100.648003 -63.284000 81.194000 74.476997 1.000000
-11.711000 22.622000 140.233002 -24.712000 -37.146999 -79.848000 152.843994 0.000000 67.903000 15.255000 51.428001 100.648003 -63.284000 81.195000 74.475998 1.000000
-11.727000 22.641001 140.212997 -24.639000 -37.132999 -79.873001 152.841003 0.000000 67.903000 15.255000 51.428001 100.648003 -63.284000 81.195000 74.475998 1.000000
-11.727000 22.641001 140.212997 -24.639000 -37.132999 -79.873001 152.841003 0.000000 67.903000 15.254000 51.428001 100.648003 -63.284000 81.195000 74.476997 1.000000
-11.738000 22.657000 140.203003 -24.568001 -37.118000 -79.885002 152.841003 0.000000 67.904999 15.254000 51.428001 100.649002 -63.284000 81.194000 74.475998 1.000000
-11.752000 22.708000 140.199997 -24.462000 -37.089001 -79.931999 152.839996 0.000000 67.904999 15.255000 51.429001 100.649002 -63.284000 81.195000 74.475998 1.000000
-11.771000 22.761999 140.195007 -24.353001 -37.069000 -79.964996 152.839005 0.000000 67.903000 15.254000 51.428001 100.649002 -63.282001 81.195000 74.478996 1.000000
-11.782000 22.819000 140.184998 -24.238001 -37.033001 -80.036003 152.828995 0.000000 67.904999 15.254000 51.428001 100.649002 -63.282001 81.195000 74.475998 1.000000
-11.792000 22.872999 140.171005 -24.112000 -36.987999 -80.080002 152.820999 0.000000 67.903000 15.254000 51.428001 100.649002 -63.282001 81.195000 74.475998 1.000000
-11.804000 22.927000 140.147995 -24.000999 -36.939999 -80.132004 152.811005 0.000000 67.903000 15.254000 51.429001 100.648003 -63.282001 81.195000 74.476997 1.000000
-11.811000 22.965000 140.132996 -23.909000 -36.917999 -80.153000 152.806000 0.000000 67.903000 15.255000 51.428001 100.648003 -63.284000 81.195000 74.476997 1.000000
-11.819000 23.013000 140.123001 -23.822001 -36.886002 -80.186996 152.792999 0.000000 67.903000 15.254000 51.428001 100.648003 -63.284000 81.195000 74.475998 1.000000
-11.822000 23.030001 140.119003 -23.795000 -36.875000 -80.195999 152.789001 0.000000 67.903000 15.254000 51.428001 100.649002 -63.284000 81.195000 74.476997 1.000000
-11.832000 23.068001 140.104996 -23.707001 -36.861000 -80.214996 152.778000 0.000000 67.903000 15.254000 51.428001 100.649002 -63.284000 81.195000 74.476997 1.000000
-11.844000 23.094999 140.089996 -23.632999 -36.845001 -80.230003 152.764008 0.000000 67.903000 15.254000 51.428001 100.648003 -63.284000 81.195000 74.475998 1.000000
-11.851000 23.120001 140.078003 -23.589001 -36.834000 -80.240997 152.759003 0.000000 67.903000 15.254000 51.428001 100.648003 -63.282001 81.195000 74.476997 1.000000
-11.862000 23.174000 140.061005 -23.483000 -36.784000 -80.269997 152.746994 0.000000 67.903000 15.254000 51.428001 100.648003 -63.284000 81.194000 74.475998 1.000000
-11.868000 23.194000 140.052994 -23.429001 -36.768002 -80.278000 152.740005 0.000000 67.903000 15.254000 51.429001 100.648003 -63.284000 81.195000 74.478996 1.000000
-11.877000 23.226999 140.044006 -23.370001 -36.750000 -80.288002 152.725006 0.000000 67.903000 15.254000 51.429001 100.648003 -63.284000 81.195000 74.478996 1.000000
-11.877000 23.226999 140.044006 -23.370001 -36.750000 -80.288002 152.725006 0.000000 67.903000 15.254000 51.429001 100.648003 -63.284000 81.195000 74.478996 1.000000
-11.877000 23.226999 140.044006 -23.370001 -36.750000 -80.288002 152.725006 0.000000 67.903000 15.254000 51.429001 100.648003 -63.284000 81.195000 74.478996 1.000000
-11.877000 23.226999 140.044006 -23.370001 -36.750000 -80.288002 152.725006 0.000000 67.903000 15.254000 51.429001 100.648003 -63.284000 81.195000 74.478996 1.000000
-11.877000 23.226999 140.044006 -23.370001 -36.750000 -80.288002 152.725006 0.000000 67.903000 15.254000 51.429001 100.648003 -63.284000 81.195000 74.478996 1.000000
-11.877000 23.226999 140.044006 -23.370001 -36.750000 -80.288002 152.725006 0.000000 67.903000 15.254000 51.429001 100.648003 -63.284000 81.195000 74.478996 1.000000
-11.877000 23.226999 140.044006 -23.370001 -36.750000 -80.288002 152.725006 0.000000 67.903000 15.254000 51.429001 100.648003 -63.284000 81.195000 74.478996 1.000000
-11.877000 23.226999 140.044006 -23.370001 -36.750000 -80.288002 152.725006 0.000000 67.903000 15.254000 51.429001 100.648003 -63.284000 81.195000 74.478996 1.000000
-11.877000 23.226999 140.044006 -23.370001 -36.750000 -80.288002 152.725006 0.000000 67.903000 15.254000 51.429001 100.648003 -63.284000 81.195000 74.478996 1.000000
-11.877000 23.226999 140.044006 -23.370001 -36.750000 -80.288002 152.725006 0.000000 67.903000 15.254000 51.429001 100.648003 -63.284000 81.195000 74.478996 1.000000
-11.877000 23.226999 140.044006 -23.370001 -36.750000 -80.288002 152.725006 0.000000 67.903000 15.254000 51.429001 100.648003 -63.284000 81.195000 74.478996 1.000000
-11.877000 23.226999 140.044006 -23.370001 -36.750000 -80.288002 152.725006 0.000000 67.903000 15.254000 51.429001 100.648003 -63.284000 81.195000 74.478996 1.000000
