-37.158374 6.061819 160.901443 -62.871299 -14.308297 -60.291816 147.880864 1.125179 67.921482 15.261553 51.438523 100.644433 -63.284722 81.204343 74.485148 0.999930
-37.696414 7.326822 161.654815 -62.934243 -14.099503 -58.888759 148.376964 1.126606 67.921585 15.261547 51.438520 100.644309 -63.284695 81.204424 74.485002 0.999946
-38.017638 8.292159 161.969565 -63.109231 -13.790187 -57.768993 148.708643 1.128284 67.921682 15.261540 51.438511 100.644189 -63.284692 81.204486 74.485009 0.999945
-38.111509 9.212137 162.097052 -63.066946 -13.643855 -56.729970 148.911013 1.127766 67.921736 15.261562 51.438498 100.644064 -63.284689 81.204470 74.484997 0.999954
-38.226736 9.765778 162.152796 -63.041192 -13.510424 -56.020105 149.013311 1.126337 67.921787 15.261558 51.438524 100.644026 -63.284691 81.204494 74.484962 0.999958
-38.296767 10.337160 162.187547 -63.106371 -13.373815 -55.353592 149.149874 1.125647 67.921844 15.261531 51.438514 100.643987 -63.284695 81.204491 74.484953 0.999968
-38.433464 10.860878 162.170475 -63.269862 -13.218353 -54.616522 149.263090 1.125300 67.921914 15.261518 51.438492 100.643950 -63.284693 81.204545 74.484964 0.999975
-38.510901 11.191964 162.133153 -63.286621 -13.010915 -54.307960 149.297650 1.122894 67.922010 15.261523 51.438439 100.643947 -63.284691 81.204552 74.484996 0.999980
-38.587623 11.581221 162.093557 -63.350139 -12.778521 -53.884278 149.341954 1.121277 67.922083 15.261521 51.438388 100.643936 -63.284686 81.204568 74.485020 0.999979
-38.657864 11.993387 162.092526 -63.409714 -12.591414 -53.338258 149.433257 1.120597 67.922107 15.261521 51.438393 100.643887 -63.284690 81.204603 74.485010 0.999983
-38.699311 12.378871 162.122404 -63.418681 -12.423072 -52.879680 149.490167 1.119155 67.922134 15.261521 51.438400 100.643870 -63.284701 81.204622 74.484978 0.999984
-38.711822 12.807458 162.104485 -63.360613 -12.257837 -52.452883 149.548784 1.117537 67.922181 15.261516 51.438407 100.643875 -63.284692 81.204643 74.484966 0.999985
-38.732906 13.321312 162.110299 -63.364419 -12.113353 -51.875744 149.661342 1.115829 67.922239 15.261512 51.438421 100.643847 -63.284673 81.204675 74.484974 0.999983
-38.761774 13.765391 162.098380 -63.360428 -11.947605 -51.367743 149.783501 1.114500 67.922267 15.261504 51.438429 100.643817 -63.284669 81.204709 74.484976 0.999982
-38.779162 14.214712 162.088653 -63.344180 -11.830527 -50.867402 149.905407 1.113477 67.922301 15.261492 51.438443 100.643798 -63.284664 81.204733 74.484974 0.999982
-38.777285 14.684961 162.096743 -63.298247 -11.711017 -50.401529 150.024227 1.113287 67.922330 15.261486 51.438455 100.643770 -63.284659 81.204745 74.484971 0.999983
-38.798569 15.108904 162.127915 -63.294254 -11.621700 -49.888717 150.145275 1.112450 67.922358 15.261482 51.438470 100.643737 -63.284651 81.204764 74.484970 0.999979
-38.812548 15.521214 162.138281 -63.250440 -11.563504 -49.429974 150.245973 1.111678 67.922391 15.261479 51.438476 100.643709 -63.284650 81.204778 74.484954 0.999980
-38.808511 15.960343 162.152951 -63.237473 -11.498576 -48.926670 150.351524 1.110721 67.922413 15.261473 51.438487 100.643687 -63.284648 81.204780 74.484955 0.999979
-38.800533 16.356419 162.172267 -63.212592 -11.463261 -48.444867 150.482187 1.109467 67.922427 15.261467 51.438504 100.643653 -63.284647 81.204799 74.484946 0.999980
-38.792628 16.738167 162.199361 -63.162627 -11.434030 -48.017112 150.620051 1.108488 67.922447 15.261463 51.438521 100.643621 -63.284644 81.204818 74.484934 0.999979
-38.791941 17.129034 162.214972 -63.136690 -11.394467 -47.559378 150.743247 1.107630 67.922464 15.261462 51.438533 100.643587 -63.284647 81.204830 74.484928 0.999978
-38.783169 17.561690 162.237174 -63.122221 -11.368376 -47.060557 150.876590 1.106935 67.922485 15.261458 51.438550 100.643545 -63.284644 81.204848 74.484923 0.999978
-38.782449 17.946939 162.252922 -63.097615 -11.320518 -46.603777 151.003958 1.106019 67.922498 15.261454 51.438564 100.643504 -63.284643 81.204847 74.484914 0.999979
-38.777978 18.348991 162.272692 -63.094789 -11.297592 -46.113243 151.134395 1.105388 67.922516 15.261454 51.438575 100.643474 -63.284642 81.204856 74.484911 0.999979
-38.778728 18.762062 162.295965 -63.090241 -11.264397 -45.604855 151.259519 1.104860 67.922533 15.261449 51.438589 100.643433 -63.284638 81.204864 74.484905 0.999979
-38.769367 19.217927 162.324343 -63.077994 -11.242849 -45.021576 151.406797 1.104222 67.922549 15.261441 51.438605 100.643397 -63.284632 81.204871 74.484893 0.999980
-38.761531 19.634877 162.357116 -63.049249 -11.241862 -44.494968 151.558980 1.103656 67.922569 15.261437 51.438616 100.643367 -63.284630 81.204880 74.484893 0.999982
-38.748038 20.058627 162.384154 -63.045795 -11.243519 -43.933610 151.698623 1.102628 67.922578 15.261430 51.438635 100.643328 -63.284626 81.204882 74.484882 0.999984
-38.741909 20.458781 162.412239 -63.030443 -11.255495 -43.394658 151.843876 1.101774 67.922588 15.261426 51.438649 100.643290 -63.284621 81.204894 74.484879 0.999985
-38.734752 20.836577 162.429646 -63.005101 -11.261333 -42.897156 151.971087 1.101127 67.922601 15.261424 51.438667 100.643257 -63.284615 81.204895 74.484864 0.999985
-38.731994 21.242516 162.450544 -62.976111 -11.273479 -42.373253 152.114152 1.100539 67.922611 15.261425 51.438683 100.643220 -63.284610 81.204907 74.484861 0.999985
-38.725557 21.644425 162.487988 -62.988243 -11.292259 -41.799693 152.258497 1.099461 67.922622 15.261420 51.438697 100.643183 -63.284606 81.204902 74.484853 0.999987
-38.719039 22.055876 162.520593 -62.955390 -11.320390 -41.271384 152.402472 1.098778 67.922631 15.261419 51.438707 100.643150 -63.284598 81.204903 74.484845 0.999990
-38.705750 22.445818 162.548027 -62.930788 -11.340408 -40.752873 152.545361 1.097866 67.922641 15.261422 51.438714 100.643111 -63.284592 81.204905 74.484835 0.999991
-38.698804 22.842966 162.579443 -62.925390 -11.376990 -40.183651 152.689575 1.097165 67.922649 15.261425 51.438720 100.643075 -63.284583 81.204904 74.484830 0.999991
-38.694479 23.232593 162.615975 -62.908615 -11.416440 -39.656378 152.827880 1.096315 67.922654 15.261426 51.438724 100.643045 -63.284575 81.204899 74.484824 0.999993
-38.689259 23.608264 162.645676 -62.908838 -11.448404 -39.142779 152.978792 1.095545 67.922656 15.261427 51.438725 100.643011 -63.284570 81.204895 74.484822 0.999993
-38.682312 23.988049 162.685195 -62.908362 -11.484666 -38.624057 153.127840 1.094978 67.922666 15.261430 51.438724 100.642977 -63.284564 81.204892 74.484822 0.999993
-38.673709 24.374422 162.724715 -62.904094 -11.523387 -38.084620 153.267267 1.093910 67.922680 15.261436 51.438724 100.642957 -63.284560 81.204885 74.484822 0.999993
-38.675249 24.767575 162.758678 -62.887974 -11.554047 -37.542953 153.411655 1.092710 67.922686 15.261438 51.438720 100.642930 -63.284558 81.204881 74.484824 0.999993
-38.658950 25.148780 162.797742 -62.863400 -11.603718 -37.028378 153.559389 1.091782 67.922704 15.261441 51.438712 100.642905 -63.284550 81.204877 74.484818 0.999991
-38.649295 25.542168 162.839272 -62.837611 -11.644984 -36.513575 153.704034 1.091055 67.922725 15.261445 51.438705 100.642871 -63.284545 81.204874 74.484818 0.999991
-38.637309 25.944187 162.876383 -62.812180 -11.679869 -35.968532 153.846302 1.090209 67.922741 15.261448 51.438697 100.642853 -63.284542 81.204872 74.484822 0.999990
-38.639731 26.305065 162.906355 -62.794025 -11.709526 -35.472713 153.970565 1.089187 67.922757 15.261452 51.438687 100.642833 -63.284538 81.204874 74.484829 0.999987
-38.637095 26.676776 162.937978 -62.772201 -11.748432 -34.964871 154.103721 1.088351 67.922772 15.261455 51.438679 100.642814 -63.284533 81.204873 74.484831 0.999987
-38.634525 27.057050 162.979669 -62.746719 -11.787984 -34.447757 154.231149 1.087211 67.922795 15.261458 51.438673 100.642795 -63.284526 81.204878 74.484833 0.999984
-38.628348 27.444347 163.024701 -62.708716 -11.825721 -33.932635 154.359221 1.086299 67.922803 15.261459 51.438668 100.642777 -63.284520 81.204872 74.484829 0.999981
-38.633395 27.798759 163.061049 -62.711146 -11.858350 -33.407961 154.470459 1.085185 67.922824 15.261458 51.438659 100.642764 -63.284515 81.204872 74.484829 0.999979
-38.632490 28.191203 163.102858 -62.686855 -11.902516 -32.881016 154.595608 1.084377 67.922841 15.261458 51.438651 100.642749 -63.284509 81.204874 74.484830 0.999977
-38.626019 28.576407 163.144221 -62.649133 -11.947828 -32.372900 154.720472 1.083697 67.922855 15.261460 51.438644 100.642741 -63.284502 81.204875 74.484827 0.999974
-38.624299 28.944172 163.188081 -62.644988 -11.996153 -31.825486 154.835241 1.083121 67.922874 15.261461 51.438632 100.642731 -63.284497 81.204870 74.484831 0.999971
-38.629129 29.348587 163.230035 -62.600762 -12.044414 -31.274546 154.946975 1.082576 67.922898 15.261462 51.438621 100.642720 -63.284490 81.204871 74.484824 0.999968
-38.635412 29.729145 163.264279 -62.568967 -12.096264 -30.749222 155.047415 1.081831 67.922920 15.261460 51.438613 100.642711 -63.284481 81.204877 74.484825 0.999966
-38.636037 30.115789 163.303983 -62.542864 -12.150595 -30.207284 155.155985 1.081268 67.922942 15.261464 51.438604 100.642706 -63.284476 81.204880 74.484824 0.999964
-38.643239 30.508266 163.344635 -62.498652 -12.210082 -29.645634 155.261793 1.080515 67.922963 15.261464 51.438595 100.642699 -63.284468 81.204881 74.484823 0.999961
-38.652074 30.890433 163.386585 -62.448939 -12.270908 -29.088002 155.359642 1.080246 67.922991 15.261470 51.438586 100.642699 -63.284460 81.204886 74.484819 0.999959
-38.661949 31.291894 163.426599 -62.418834 -12.329595 -28.499903 155.454620 1.079874 67.923014 15.261471 51.438581 100.642690 -63.284453 81.204890 74.484820 0.999957
-38.671685 31.699818 163.471981 -62.367459 -12.384189 -27.929582 155.546160 1.079640 67.923040 15.261475 51.438573 100.642690 -63.284445 81.204897 74.484818 0.999954
-38.683910 32.089014 163.508723 -62.314799 -12.436204 -27.364536 155.625657 1.079449 67.923069 15.261477 51.438564 100.642695 -63.284436 81.204902 74.484817 0.999953
-38.711617 32.490964 163.547851 -62.277056 -12.493859 -26.755286 155.704276 1.079309 67.923090 15.261476 51.438559 100.642703 -63.284433 81.204906 74.484819 0.999953
-38.737827 32.895408 163.581542 -62.237005 -12.539472 -26.139283 155.781439 1.079389 67.923110 15.261475 51.438553 100.642710 -63.284430 81.204909 74.484818 0.999952
-38.757797 33.299737 163.626626 -62.195415 -12.589955 -25.547036 155.853899 1.079682 67.923132 15.261475 51.438546 100.642717 -63.284425 81.204910 74.484814 0.999951
-38.782444 33.700182 163.671421 -62.150537 -12.636724 -24.945205 155.919741 1.080159 67.923154 15.261476 51.438540 100.642724 -63.284421 81.204915 74.484811 0.999951
-38.813251 34.100353 163.711423 -62.089464 -12.672925 -24.355850 155.977698 1.080595 67.923177 15.261479 51.438535 100.642736 -63.284414 81.204920 74.484807 0.999951
-38.839272 34.500409 163.756701 -62.030912 -12.697883 -23.775229 156.032102 1.081336 67.923195 15.261479 51.438527 100.642737 -63.284410 81.204925 74.484804 0.999952
-38.871917 34.915204 163.798165 -61.975136 -12.728178 -23.152841 156.084713 1.082527 67.923211 15.261477 51.438522 100.642737 -63.284406 81.204932 74.484801 0.999954
-38.901772 35.311018 163.847980 -61.930887 -12.765994 -22.535577 156.142973 1.083534 67.923232 15.261475 51.438516 100.642740 -63.284401 81.204938 74.484804 0.999955
-38.935578 35.712831 163.889750 -61.889679 -12.788938 -21.893532 156.184587 1.084859 67.923242 15.261474 51.438514 100.642742 -63.284402 81.204941 74.484801 0.999955
-38.974223 36.107057 163.931284 -61.826379 -12.802863 -21.279939 156.224468 1.086450 67.923260 15.261470 51.438509 100.642737 -63.284397 81.204958 74.484801 0.999957
-39.014122 36.505548 163.969496 -61.768202 -12.807846 -20.656647 156.254022 1.087922 67.923272 15.261465 51.438507 100.642728 -63.284394 81.204971 74.484793 0.999957
-39.048970 36.886089 164.011895 -61.735284 -12.818814 -20.039279 156.290040 1.089489 67.923281 15.261461 51.438505 100.642727 -63.284393 81.204981 74.484793 0.999958
-39.091985 37.279851 164.050641 -61.680000 -12.831568 -19.406837 156.321255 1.091431 67.923288 15.261453 51.438502 100.642727 -63.284391 81.204988 74.484789 0.999960
-39.137876 37.688664 164.095152 -61.632711 -12.822733 -18.758158 156.345078 1.093468 67.923297 15.261450 51.438499 100.642721 -63.284388 81.204998 74.484786 0.999960
-39.181175 38.090152 164.142837 -61.595299 -12.816611 -18.088809 156.371077 1.095694 67.923302 15.261451 51.438499 100.642721 -63.284386 81.205010 74.484787 0.999962
-39.233330 38.500219 164.191986 -61.573016 -12.807259 -17.370902 156.386734 1.098203 67.923307 15.261451 51.438494 100.642717 -63.284386 81.205021 74.484789 0.999963
-39.284043 38.886064 164.239799 -61.548445 -12.795422 -16.685886 156.400314 1.100568 67.923310 15.261450 51.438489 100.642718 -63.284385 81.205032 74.484795 0.999964
-39.335520 39.268517 164.287340 -61.502460 -12.784586 -16.023168 156.404609 1.103439 67.923312 15.261452 51.438481 100.642717 -63.284384 81.205043 74.484800 0.999964
-39.391234 39.676980 164.344720 -61.487349 -12.756812 -15.292979 156.412586 1.106737 67.923310 15.261455 51.438478 100.642713 -63.284385 81.205055 74.484810 0.999965
-39.451520 40.081262 164.394287 -61.486810 -12.733200 -14.551691 156.418542 1.109919 67.923305 15.261453 51.438473 100.642720 -63.284387 81.205064 74.484820 0.999965
-39.513871 40.486920 164.445900 -61.474402 -12.703661 -13.819069 156.421943 1.113410 67.923296 15.261452 51.438468 100.642726 -63.284390 81.205072 74.484830 0.999965
-39.577652 40.903173 164.492931 -61.451961 -12.666714 -13.091885 156.416350 1.117120 67.923282 15.261450 51.438459 100.642723 -63.284393 81.205077 74.484833 0.999965
-39.640535 41.297103 164.538618 -61.427260 -12.631501 -12.382097 156.412692 1.120575 67.923268 15.261450 51.438451 100.642722 -63.284399 81.205081 74.484841 0.999965
-39.703625 41.703685 164.587194 -61.407731 -12.587071 -11.644354 156.409683 1.124418 67.923250 15.261448 51.438443 100.642727 -63.284403 81.205088 74.484848 0.999965
-39.767430 42.102829 164.648023 -61.375529 -12.558018 -10.926496 156.404712 1.128079 67.923236 15.261452 51.438430 100.642736 -63.284405 81.205094 74.484859 0.999963
-39.831606 42.520053 164.716160 -61.340106 -12.521927 -10.176317 156.400754 1.129538 67.923219 15.261456 51.438417 100.642749 -63.284406 81.205101 74.484868 0.999962
-39.892478 42.915708 164.779477 -61.308039 -12.483185 -9.477510 156.389219 1.130227 67.923204 15.261461 51.438404 100.642759 -63.284405 81.205106 74.484876 0.999960
-39.957595 43.318200 164.842865 -61.274874 -12.432269 -8.769608 156.369216 1.130297 67.923190 15.261467 51.438390 100.642771 -63.284403 81.205115 74.484880 0.999957
-40.025295 43.719552 164.906347 -61.241683 -12.379218 -8.056194 156.354757 1.130647 67.923174 15.261474 51.438377 100.642774 -63.284402 81.205120 74.484885 0.999956
-40.082827 44.114768 164.978052 -61.207815 -12.323544 -7.371703 156.333959 1.128286 67.923159 15.261482 51.438365 100.642786 -63.284401 81.205129 74.484893 0.999955
-40.149467 44.528394 165.048332 -61.153783 -12.269154 -6.659233 156.318854 1.123788 67.923146 15.261490 51.438356 100.642800 -63.284402 81.205137 74.484901 0.999954
-40.206674 44.930018 165.117277 -61.097914 -12.215204 -6.004718 156.296910 1.114061 67.923133 15.261502 51.438347 100.642815 -63.284399 81.205145 74.484912 0.999952
-40.263813 45.336201 165.182561 -61.032487 -12.155779 -5.347605 156.268677 1.105166 67.923116 15.261513 51.438336 100.642835 -63.284395 81.205149 74.484919 0.999953
-40.307911 45.721357 165.242834 -60.988691 -12.102135 -4.718019 156.248156 1.088687 67.923104 15.261526 51.438326 100.642858 -63.284392 81.205155 74.484940 0.999953
-40.355324 46.111318 165.299900 -60.940356 -12.043498 -4.122853 156.225430 1.067021 67.923092 15.261545 51.438320 100.642879 -63.284391 81.205155 74.484957 0.999953
-40.397409 46.461094 165.353193 -60.897025 -11.991094 -3.580886 156.205162 1.046752 67.923076 15.261563 51.438310 100.642908 -63.284388 81.205153 74.484974 0.999953
-40.440037 46.805404 165.402524 -60.862914 -11.941392 -3.038041 156.182605 1.022305 67.923059 15.261581 51.438300 100.642936 -63.284386 81.205150 74.484999 0.999953
-40.472641 47.119013 165.445758 -60.845647 -11.896075 -2.541196 156.167127 0.994400 67.923043 15.261600 51.438287 100.642957 -63.284388 81.205145 74.485025 0.999952
-40.507887 47.408077 165.482009 -60.826827 -11.852190 -2.092032 156.144172 0.967489 67.923031 15.261622 51.438276 100.642987 -63.284386 81.205142 74.485052 0.999953
-40.538525 47.661287 165.515203 -60.832409 -11.813002 -1.679488 156.124976 0.939678 67.923018 15.261640 51.438270 100.643015 -63.284383 81.205140 74.485081 0.999953
-40.556792 47.809692 165.567022 -60.846448 -11.822239 -1.389055 156.119074 0.922043 67.923011 15.261673 51.438259 100.643057 -63.284382 81.205133 74.485111 0.999951
-40.571144 47.958429 165.602441 -60.877149 -11.800477 -1.079577 156.100746 0.904910 67.922999 15.261699 51.438245 100.643094 -63.284380 81.205128 74.485137 0.999950
-40.584922 48.092750 165.633045 -60.920247 -11.773276 -0.805606 156.082004 0.883834 67.922983 15.261724 51.438235 100.643130 -63.284379 81.205117 74.485165 0.999948
-40.588491 48.190622 165.659491 -60.989915 -11.775525 -0.571986 156.085994 0.860741 67.922966 15.261750 51.438220 100.643169 -63.284379 81.205112 74.485198 0.999948
-40.591949 48.292030 165.687446 -61.048626 -11.762063 -0.344688 156.074844 0.836601 67.922940 15.261777 51.438210 100.643196 -63.284381 81.205105 74.485233 0.999945
-40.595354 48.355679 165.709980 -61.147824 -11.750333 -0.136609 156.059305 0.809674 67.922920 15.261802 51.438204 100.643224 -63.284386 81.205100 74.485272 0.999943
-40.596069 48.372108 165.708877 -61.253121 -11.703076 0.003127 156.018803 0.786807 67.922893 15.261828 51.438194 100.643255 -63.284388 81.205093 74.485310 0.999941
-40.587803 48.373010 165.712906 -61.394698 -11.659691 0.139068 155.984210 0.761056 67.922865 15.261855 51.438191 100.643287 -63.284388 81.205085 74.485352 0.999938
-40.580507 48.352908 165.717720 -61.529162 -11.629265 0.248075 155.944474 0.734301 67.922842 15.261885 51.438193 100.643325 -63.284389 81.205082 74.485397 0.999934
-40.581429 48.336660 165.717989 -61.652470 -11.589706 0.355667 155.896286 0.714463 67.922817 15.261916 51.438189 100.643354 -63.284387 81.205073 74.485436 0.999932
-40.588341 48.292896 165.719404 -61.808697 -11.557142 0.452397 155.850870 0.694667 67.922802 15.261946 51.438186 100.643377 -63.284387 81.205067 74.485480 0.999930
-40.593102 48.233884 165.699042 -61.973173 -11.541952 0.504972 155.811793 0.666943 67.922780 15.261977 51.438187 100.643405 -63.284389 81.205062 74.485532 0.999928
-40.599975 48.154107 165.668971 -62.111364 -11.498658 0.513999 155.768085 0.639808 67.922762 15.262006 51.438192 100.643434 -63.284390 81.205054 74.485583 0.999926
-40.610558 48.086850 165.638881 -62.246326 -11.444485 0.517873 155.710259 0.613577 67.922742 15.262040 51.438197 100.643465 -63.284390 81.205045 74.485630 0.999924
-40.606344 47.972412 165.602548 -62.409461 -11.396100 0.469700 155.660831 0.582038 67.922729 15.262074 51.438209 100.643498 -63.284394 81.205039 74.485685 0.999923
-40.613483 47.858870 165.564646 -62.565108 -11.359356 0.432946 155.617537 0.553066 67.922721 15.262106 51.438226 100.643534 -63.284395 81.205039 74.485739 0.999923
-40.611190 47.746057 165.535765 -62.716318 -11.327039 0.368149 155.578314 0.516138 67.922707 15.262140 51.438243 100.643580 -63.284394 81.205033 74.485792 0.999923
-40.598884 47.576900 165.491675 -62.916239 -11.270559 0.242749 155.520413 0.473027 67.922694 15.262182 51.438274 100.643622 -63.284397 81.205032 74.485852 0.999923
-40.587477 47.411692 165.444986 -63.126162 -11.245118 0.104361 155.481650 0.419931 67.922681 15.262219 51.438302 100.643678 -63.284404 81.205036 74.485921 0.999923
-40.573178 47.190224 165.380498 -63.349893 -11.230636 -0.123259 155.432586 0.360054 67.922665 15.262262 51.438330 100.643730 -63.284416 81.205038 74.485996 0.999921
-40.553247 46.947888 165.303874 -63.582981 -11.225156 -0.393635 155.382975 0.297214 67.922637 15.262304 51.438361 100.643792 -63.284433 81.205036 74.486071 0.999918
-40.524821 46.638791 165.206969 -63.871327 -11.238687 -0.730667 155.335697 0.227198 67.922601 15.262340 51.438383 100.643866 -63.284455 81.205037 74.486152 0.999915
-40.489705 46.284204 165.089833 -64.170343 -11.274979 -1.124612 155.292276 0.156067 67.922556 15.262377 51.438402 100.643954 -63.284481 81.205031 74.486225 0.999915
-40.461397 45.886315 164.949712 -64.466250 -11.304040 -1.561657 155.239114 0.093988 67.922508 15.262406 51.438417 100.644044 -63.284503 81.205022 74.486288 0.999917
-40.443527 45.417925 164.768084 -64.786756 -11.314693 -2.069181 155.166693 0.036814 67.922466 15.262429 51.438438 100.644138 -63.284528 81.205019 74.486345 0.999920
-40.430445 44.928306 164.573864 -65.115107 -11.343086 -2.583930 155.101973 -0.012413 67.922429 15.262455 51.438452 100.644229 -63.284551 81.205021 74.486398 0.999925
-40.422548 44.408557 164.363577 -65.445929 -11.361667 -3.127060 155.022731 -0.052685 67.922394 15.262479 51.438466 100.644316 -63.284571 81.205019 74.486444 0.999930
-40.435597 43.847771 164.109844 -65.783433 -11.370796 -3.717629 154.936425 -0.086215 67.922363 15.262501 51.438481 100.644409 -63.284591 81.205022 74.486484 0.999935
-40.453758 43.264640 163.842096 -66.139516 -11.372377 -4.338177 154.839790 -0.112274 67.922337 15.262521 51.438496 100.644494 -63.284608 81.205021 74.486523 0.999937
-40.485908 42.669666 163.559927 -66.492937 -11.368214 -4.976280 154.727421 -0.129840 67.922317 15.262539 51.438506 100.644583 -63.284618 81.205021 74.486555 0.999941
-40.533657 42.073912 163.260339 -66.841261 -11.355822 -5.605348 154.602664 -0.140267 67.922304 15.262555 51.438515 100.644654 -63.284626 81.205025 74.486580 0.999943
-40.582136 41.434814 162.946936 -67.214964 -11.334242 -6.279372 154.468852 -0.148781 67.922294 15.262573 51.438528 100.644727 -63.284632 81.205033 74.486602 0.999945
-40.630960 40.799254 162.624250 -67.560862 -11.318440 -6.955146 154.338581 -0.155865 67.922285 15.262591 51.438541 100.644797 -63.284638 81.205039 74.486621 0.999947
-40.685502 40.134067 162.288051 -67.935548 -11.296544 -7.653325 154.200044 -0.159618 67.922285 15.262608 51.438553 100.644861 -63.284642 81.205051 74.486641 0.999950
-40.748887 39.471132 161.942953 -68.287719 -11.278350 -8.368976 154.059955 -0.160378 67.922281 15.262621 51.438566 100.644927 -63.284646 81.205063 74.486650 0.999951
-40.813151 38.774432 161.574978 -68.664936 -11.256156 -9.125893 153.911288 -0.159887 67.922273 15.262632 51.438578 100.644999 -63.284646 81.205072 74.486655 0.999954
-40.874257 38.087480 161.200924 -69.026834 -11.231915 -9.884467 153.767386 -0.158252 67.922277 15.262641 51.438589 100.645065 -63.284646 81.205080 74.486661 0.999956
-40.945875 37.374774 160.804603 -69.392240 -11.216732 -10.679073 153.616254 -0.154884 67.922273 15.262649 51.438598 100.645139 -63.284648 81.205087 74.486659 0.999957
-41.017895 36.664201 160.404695 -69.765407 -11.200266 -11.481326 153.457613 -0.151196 67.922266 15.262654 51.438608 100.645201 -63.284649 81.205093 74.486660 0.999958
-41.093813 35.983080 159.997216 -70.134042 -11.198710 -12.225128 153.316191 -0.147267 67.922252 15.262648 51.438609 100.645267 -63.284649 81.205095 74.486657 0.999959
-41.168347 35.278730 159.587802 -70.487326 -11.169441 -13.030448 153.155979 -0.141979 67.922236 15.262641 51.438611 100.645329 -63.284646 81.205094 74.486653 0.999959
-41.252430 34.599238 159.173196 -70.834383 -11.141459 -13.815196 153.000470 -0.136937 67.922219 15.262630 51.438612 100.645391 -63.284646 81.205095 74.486654 0.999959
-41.338558 33.915478 158.744746 -71.181936 -11.113279 -14.612748 152.826856 -0.133542 67.922192 15.262614 51.438607 100.645449 -63.284647 81.205086 74.486641 0.999958
-41.426770 33.256429 158.317776 -71.501830 -11.074092 -15.404431 152.661359 -0.128055 67.922160 15.262601 51.438604 100.645503 -63.284650 81.205072 74.486623 0.999958
-41.508748 32.591549 157.884306 -71.821216 -11.017660 -16.231231 152.490460 -0.124191 67.922124 15.262588 51.438600 100.645555 -63.284658 81.205050 74.486608 0.999958
-41.594097 31.960978 157.473108 -72.128928 -10.922008 -17.053112 152.304753 -0.119935 67.922084 15.262572 51.438596 100.645599 -63.284664 81.205030 74.486591 0.999957
-41.666250 31.365080 157.079675 -72.417970 -10.826200 -17.828329 152.136580 -0.115355 67.922041 15.262556 51.438586 100.645635 -63.284673 81.205003 74.486577 0.999957
-41.733470 30.833070 156.729147 -72.693031 -10.761205 -18.524177 152.002429 -0.110048 67.922008 15.262541 51.438578 100.645667 -63.284686 81.204973 74.486571 0.999957
-41.804883 30.279621 156.360498 -72.974939 -10.666229 -19.249888 151.849954 -0.104700 67.921959 15.262521 51.438565 100.645700 -63.284701 81.204937 74.486557 0.999957
-41.874896 29.745956 155.981943 -73.218902 -10.559649 -19.972008 151.708916 -0.096384 67.921917 15.262498 51.438553 100.645730 -63.284711 81.204907 74.486545 0.999957
-41.935239 29.266238 155.631455 -73.436015 -10.451954 -20.651212 151.565287 -0.088125 67.921877 15.262473 51.438538 100.645756 -63.284721 81.204874 74.486533 0.999957
-41.980362 28.813178 155.323379 -73.622537 -10.337694 -21.297780 151.440068 -0.080166 67.921832 15.262442 51.438522 100.645780 -63.284742 81.204841 74.486521 0.999957
-42.001861 28.376146 155.024590 -73.792871 -10.234508 -21.961418 151.319477 -0.072409 67.921792 15.262417 51.438502 100.645804 -63.284759 81.204809 74.486508 0.999957
-42.028505 27.938389 154.711538 -73.934489 -10.125061 -22.649612 151.197818 -0.064810 67.921736 15.262386 51.438480 100.645840 -63.284782 81.204767 74.486490 0.999958
-42.039940 27.509152 154.421318 -74.068663 -10.033105 -23.320357 151.081417 -0.057332 67.921690 15.262350 51.438461 100.645863 -63.284804 81.204729 74.486467 0.999957
-42.049753 27.092775 154.148895 -74.188699 -9.930873 -23.994403 150.970662 -0.049174 67.921647 15.262317 51.438443 100.645894 -63.284829 81.204691 74.486453 0.999957
-42.054289 26.679535 153.886469 -74.309193 -9.833477 -24.633200 150.865208 -0.041134 67.921602 15.262282 51.438425 100.645932 -63.284851 81.204657 74.486445 0.999957
-42.049447 26.285265 153.646304 -74.387240 -9.729131 -25.310997 150.753588 -0.033818 67.921557 15.262242 51.438402 100.645974 -63.284875 81.204620 74.486427 0.999956
-42.028508 25.893893 153.413066 -74.441471 -9.622991 -25.998297 150.638722 -0.026722 67.921504 15.262205 51.438380 100.646021 -63.284901 81.204579 74.486411 0.999955
-41.994911 25.506042 153.215175 -74.511067 -9.530041 -26.655839 150.536440 -0.019959 67.921457 15.262168 51.438359 100.646056 -63.284929 81.204548 74.486401 0.999956
-41.956574 25.125737 153.035183 -74.561899 -9.455884 -27.297903 150.437983 -0.012273 67.921409 15.262127 51.438337 100.646091 -63.284958 81.204513 74.486387 0.999957
-41.899612 24.773063 152.878647 -74.571708 -9.388128 -27.944531 150.348273 -0.004911 67.921363 15.262091 51.438316 100.646123 -63.284985 81.204477 74.486371 0.999958
-41.835886 24.432196 152.732112 -74.570169 -9.325903 -28.602886 150.265924 0.001409 67.921311 15.262058 51.438294 100.646156 -63.285016 81.204449 74.486362 0.999958
-41.764419 24.112217 152.595572 -74.555022 -9.277981 -29.220919 150.195117 0.007714 67.921261 15.262018 51.438268 100.646181 -63.285045 81.204419 74.486349 0.999959
-41.674266 23.782992 152.476618 -74.532641 -9.230056 -29.858564 150.126951 0.013295 67.921214 15.261987 51.438243 100.646213 -63.285070 81.204389 74.486341 0.999960
-41.572199 23.464744 152.387638 -74.460711 -9.198846 -30.502895 150.068065 0.020438 67.921164 15.261947 51.438215 100.646244 -63.285099 81.204361 74.486328 0.999962
-41.448952 23.141571 152.311627 -74.370484 -9.196614 -31.175415 150.023646 0.027374 67.921122 15.261914 51.438191 100.646279 -63.285126 81.204339 74.486322 0.999965
-41.314337 22.811933 152.250767 -74.241930 -9.220070 -31.868860 149.988734 0.033696 67.921062 15.261878 51.438162 100.646318 -63.285155 81.204308 74.486309 0.999966
-41.158657 22.485543 152.215445 -74.096178 -9.274728 -32.577844 149.966452 0.040383 67.921013 15.261851 51.438130 100.646360 -63.285180 81.204283 74.486303 0.999968
-40.990502 22.182637 152.188805 -73.917292 -9.326170 -33.283624 149.942770 0.047150 67.920963 15.261820 51.438099 100.646405 -63.285203 81.204248 74.486292 0.999970
-40.789763 21.849592 152.209302 -73.722148 -9.425778 -34.027611 149.936476 0.053795 67.920911 15.261791 51.438064 100.646462 -63.285226 81.204219 74.486285 0.999973
-40.574044 21.494909 152.242399 -73.503037 -9.559762 -34.796053 149.942296 0.059356 67.920860 15.261763 51.438031 100.646518 -63.285249 81.204183 74.486274 0.999974
-40.348014 21.156634 152.298033 -73.267475 -9.708616 -35.542397 149.960974 0.065832 67.920810 15.261737 51.437998 100.646566 -63.285272 81.204151 74.486267 0.999976
-40.114005 20.835606 152.374219 -72.996604 -9.882372 -36.264348 149.984041 0.072535 67.920761 15.261710 51.437965 100.646627 -63.285295 81.204121 74.486266 0.999977
-39.901664 20.560099 152.465516 -72.734751 -10.069891 -36.885257 150.019580 0.077565 67.920708 15.261673 51.437936 100.646670 -63.285318 81.204088 74.486264 0.999979
-39.695272 20.303771 152.582362 -72.526402 -10.277160 -37.399426 150.075324 0.083187 67.920666 15.261641 51.437913 100.646710 -63.285338 81.204065 74.486269 0.999982
-39.478803 20.021895 152.730330 -72.283243 -10.525222 -37.934052 150.134425 0.090075 67.920628 15.261608 51.437883 100.646745 -63.285355 81.204048 74.486279 0.999984
-39.252950 19.767005 152.876111 -72.037667 -10.762582 -38.438280 150.199533 0.097095 67.920585 15.261576 51.437856 100.646778 -63.285370 81.204027 74.486286 0.999987
-39.047277 19.553764 152.994997 -71.808995 -10.981097 -38.875974 150.267803 0.104402 67.920552 15.261549 51.437839 100.646813 -63.285384 81.204009 74.486290 0.999989
-38.825356 19.342095 153.133534 -71.552138 -11.205891 -39.333721 150.321156 0.111988 67.920524 15.261528 51.437816 100.646833 -63.285392 81.204000 74.486286 0.999991
-38.606002 19.155115 153.251712 -71.290582 -11.412667 -39.779720 150.383801 0.120006 67.920504 15.261520 51.437797 100.646852 -63.285396 81.203991 74.486282 0.999990
-38.379782 18.958830 153.399952 -71.032547 -11.663623 -40.208384 150.454154 0.127477 67.920487 15.261509 51.437775 100.646879 -63.285401 81.203982 74.486275 0.999991
-38.148524 18.757980 153.554225 -70.775775 -11.902726 -40.652611 150.525417 0.135531 67.920475 15.261497 51.437754 100.646907 -63.285405 81.203976 74.486269 0.999992
-37.956299 18.617382 153.675722 -70.563458 -12.082157 -40.983880 150.579470 0.142837 67.920462 15.261484 51.437736 100.646921 -63.285409 81.203974 74.486261 0.999991
-37.826781 18.512104 153.793965 -70.405780 -12.211194 -41.190041 150.605978 0.152670 67.920458 15.261466 51.437721 100.646922 -63.285406 81.203973 74.486253 0.999992
-37.745706 18.459705 153.882219 -70.281728 -12.288985 -41.294677 150.611725 0.160442 67.920451 15.261447 51.437711 100.646920 -63.285407 81.203976 74.486241 0.999992
-37.664868 18.423540 153.973654 -70.160062 -12.367850 -41.372849 150.617390 0.169020 67.920445 15.261428 51.437708 100.646912 -63.285410 81.203981 74.486230 0.999992
-37.581837 18.382668 154.087650 -70.037728 -12.458485 -41.450286 150.614728 0.177805 67.920439 15.261399 51.437698 100.646906 -63.285410 81.203982 74.486221 0.999993
-37.497597 18.371517 154.187747 -69.902668 -12.539069 -41.517853 150.610526 0.187855 67.920434 15.261373 51.437694 100.646894 -63.285411 81.203982 74.486210 0.999993
-37.424473 18.353741 154.286334 -69.784838 -12.616576 -41.571842 150.610451 0.196636 67.920427 15.261354 51.437691 100.646882 -63.285414 81.203982 74.486199 0.999993
-37.359561 18.325926 154.397128 -69.668173 -12.687748 -41.637022 150.601087 0.206188 67.920431 15.261342 51.437685 100.646864 -63.285411 81.203987 74.486191 0.999993
-37.301858 18.349904 154.514105 -69.547547 -12.739919 -41.623531 150.601705 0.216205 67.920436 15.261330 51.437683 100.646841 -63.285411 81.203998 74.486178 0.999994
-37.244126 18.374036 154.630571 -69.422217 -12.795436 -41.610729 150.601217 0.226143 67.920442 15.261327 51.437691 100.646818 -63.285414 81.204009 74.486168 0.999994
-37.191473 18.412067 154.728263 -69.317396 -12.837614 -41.565446 150.598315 0.235690 67.920449 15.261320 51.437697 100.646794 -63.285414 81.204022 74.486159 0.999992
-37.127267 18.451498 154.836892 -69.201062 -12.893638 -41.537973 150.595514 0.244625 67.920451 15.261315 51.437702 100.646775 -63.285418 81.204038 74.486149 0.999992
-37.062012 18.480542 154.950013 -69.077427 -12.953776 -41.534307 150.594948 0.255208 67.920459 15.261310 51.437704 100.646745 -63.285418 81.204052 74.486140 0.999992
-37.003617 18.514688 155.071574 -68.965850 -13.005641 -41.510665 150.603957 0.265918 67.920470 15.261310 51.437711 100.646716 -63.285419 81.204064 74.486129 0.999993
-36.938745 18.554379 155.200193 -68.845474 -13.066887 -41.486343 150.621774 0.275113 67.920479 15.261312 51.437716 100.646692 -63.285423 81.204082 74.486122 0.999992
-36.880695 18.574625 155.333111 -68.754116 -13.112080 -41.463628 150.634868 0.284728 67.920490 15.261313 51.437723 100.646669 -63.285428 81.204098 74.486117 0.999991
-36.811746 18.586795 155.469513 -68.621631 -13.182169 -41.469806 150.652782 0.295260 67.920513 15.261321 51.437730 100.646645 -63.285431 81.204120 74.486107 0.999990
-36.758536 18.610821 155.595495 -68.507456 -13.238182 -41.446418 150.667990 0.305206 67.920535 15.261325 51.437742 100.646614 -63.285434 81.204144 74.486099 0.999988
-36.697018 18.650276 155.734581 -68.367572 -13.291873 -41.434963 150.695527 0.315525 67.920554 15.261336 51.437752 100.646578 -63.285434 81.204164 74.486091 0.999987
-36.629391 18.704673 155.871293 -68.224697 -13.324174 -41.391829 150.709389 0.325230 67.920576 15.261343 51.437762 100.646542 -63.285434 81.204190 74.486081 0.999986
-36.580026 18.759685 156.012483 -68.093993 -13.345872 -41.332166 150.719395 0.334446 67.920607 15.261361 51.437782 100.646512 -63.285433 81.204216 74.486071 0.999986
-36.519840 18.838862 156.134227 -67.943380 -13.373501 -41.283459 150.724768 0.343978 67.920619 15.261374 51.437798 100.646481 -63.285434 81.204233 74.486053 0.999984
-36.468769 18.927655 156.269805 -67.819380 -13.382164 -41.192507 150.729303 0.353628 67.920636 15.261382 51.437809 100.646449 -63.285431 81.204251 74.486038 0.999983
-36.401681 19.005292 156.408983 -67.666440 -13.415202 -41.135336 150.742124 0.362053 67.920653 15.261398 51.437828 100.646417 -63.285432 81.204277 74.486022 0.999982
-36.335346 19.093602 156.558883 -67.511398 -13.437980 -41.077571 150.747052 0.372692 67.920677 15.261415 51.437844 100.646382 -63.285427 81.204299 74.486008 0.999982
-36.274765 19.182039 156.699552 -67.372543 -13.477993 -41.008140 150.757207 0.382778 67.920691 15.261432 51.437858 100.646344 -63.285424 81.204324 74.485995 0.999981
-36.206429 19.271478 156.869289 -67.208987 -13.521922 -40.958137 150.773887 0.391401 67.920709 15.261445 51.437875 100.646307 -63.285419 81.204346 74.485984 0.999980
-36.148340 19.377470 157.039996 -67.071074 -13.560707 -40.875598 150.787370 0.398711 67.920731 15.261465 51.437891 100.646278 -63.285413 81.204376 74.485983 0.999980
-36.097182 19.484177 157.200141 -66.940591 -13.580214 -40.784229 150.797838 0.407224 67.920761 15.261486 51.437911 100.646245 -63.285407 81.204408 74.485977 0.999981
-36.039460 19.579869 157.357157 -66.779840 -13.627676 -40.707850 150.806145 0.415876 67.920789 15.261502 51.437933 100.646203 -63.285399 81.204437 74.485968 0.999981
-35.996708 19.698268 157.511563 -66.639352 -13.640669 -40.591200 150.813506 0.426206 67.920812 15.261521 51.437953 100.646160 -63.285393 81.204468 74.485951 0.999982
-35.943164 19.835134 157.664996 -66.482728 -13.660685 -40.461455 150.816640 0.436113 67.920830 15.261537 51.437969 100.646121 -63.285388 81.204490 74.485938 0.999983
-35.910660 19.993107 157.819326 -66.336925 -13.655965 -40.301011 150.820541 0.445758 67.920854 15.261553 51.437989 100.646078 -63.285379 81.204517 74.485923 0.999982
-35.878994 20.154740 157.975729 -66.195946 -13.658205 -40.136991 150.818896 0.456303 67.920876 15.261573 51.438011 100.646040 -63.285369 81.204545 74.485909 0.999983
-35.862370 20.367768 158.112281 -66.068645 -13.639421 -39.890800 150.817174 0.465625 67.920896 15.261589 51.438029 100.645999 -63.285358 81.204570 74.485898 0.999982
-35.843025 20.565152 158.246721 -65.952267 -13.617049 -39.658612 150.813727 0.475574 67.920919 15.261604 51.438046 100.645952 -63.285348 81.204590 74.485883 0.999983
-35.831590 20.778820 158.378540 -65.835911 -13.582744 -39.406208 150.818370 0.482760 67.920943 15.261629 51.438072 100.645916 -63.285333 81.204618 74.485873 0.999981
-35.850272 21.005271 158.512361 -65.758390 -13.530619 -39.103962 150.811189 0.490731 67.920967 15.261653 51.438098 100.645875 -63.285318 81.204648 74.485858 0.999980
-35.872105 21.250417 158.636992 -65.694273 -13.456304 -38.775294 150.805805 0.497299 67.920988 15.261681 51.438121 100.645836 -63.285304 81.204672 74.485847 0.999978
-35.903257 21.529947 158.742739 -65.635832 -13.347109 -38.388693 150.796352 0.503216 67.921016 15.261711 51.438149 100.645803 -63.285287 81.204701 74.485840 0.999976
-35.951439 21.819976 158.854540 -65.583284 -13.251443 -37.970995 150.780652 0.510416 67.921047 15.261734 51.438173 100.645762 -63.285270 81.204727 74.485829 0.999976
-36.005862 22.154429 158.954179 -65.517537 -13.133291 -37.501145 150.755976 0.517314 67.921075 15.261764 51.438199 100.645715 -63.285251 81.204756 74.485817 0.999974
-36.075009 22.492673 159.045741 -65.491151 -12.984694 -36.995815 150.738942 0.522135 67.921107 15.261794 51.438224 100.645674 -63.285233 81.204781 74.485812 0.999975
-36.151105 22.840810 159.128715 -65.461103 -12.826198 -36.482135 150.712045 0.529880 67.921147 15.261824 51.438251 100.645629 -63.285213 81.204806 74.485800 0.999973
-36.252411 23.222459 159.196071 -65.467768 -12.625459 -35.885196 150.682908 0.539376 67.921186 15.261854 51.438277 100.645575 -63.285192 81.204833 74.485787 0.999973
-36.370029 23.613700 159.247199 -65.486851 -12.418538 -35.259741 150.637334 0.545420 67.921222 15.261885 51.438300 100.645533 -63.285167 81.204859 74.485774 0.999972
-36.502931 24.038389 159.305693 -65.504327 -12.200083 -34.580373 150.596602 0.552859 67.921257 15.261914 51.438331 100.645477 -63.285146 81.204884 74.485763 0.999971
-36.637770 24.467751 159.333026 -65.509299 -11.944375 -33.899231 150.545013 0.562856 67.921295 15.261944 51.438361 100.645417 -63.285124 81.204913 74.485745 0.999969
-36.778318 24.917741 159.353602 -65.544050 -11.684027 -33.168860 150.503936 0.570745 67.921328 15.261975 51.438384 100.645356 -63.285099 81.204932 74.485720 0.999968
-36.922940 25.369856 159.391906 -65.574955 -11.407476 -32.462946 150.462572 0.578117 67.921365 15.262003 51.438411 100.645307 -63.285072 81.204951 74.485703 0.999968
-37.074694 25.823430 159.413418 -65.621017 -11.123592 -31.710633 150.413801 0.588845 67.921409 15.262026 51.438435 100.645250 -63.285045 81.204974 74.485685 0.999968
-37.233741 26.298100 159.443910 -65.690127 -10.832707 -30.929005 150.368937 0.598511 67.921453 15.262062 51.438467 100.645182 -63.285018 81.204994 74.485664 0.999966
-37.385984 26.805535 159.470846 -65.721403 -10.519137 -30.131804 150.327971 0.606029 67.921485 15.262095 51.438497 100.645131 -63.284993 81.205011 74.485645 0.999966
-37.544292 27.275675 159.499036 -65.780199 -10.222077 -29.370651 150.293584 0.615936 67.921528 15.262128 51.438526 100.645069 -63.284967 81.205029 74.485632 0.999963
-37.720871 27.760982 159.527037 -65.803070 -9.944511 -28.573399 150.253096 0.624230 67.921567 15.262159 51.438556 100.645006 -63.284939 81.205046 74.485617 0.999961
-37.901951 28.290833 159.540167 -65.846659 -9.637103 -27.684404 150.209055 0.634181 67.921601 15.262188 51.438580 100.644947 -63.284915 81.205060 74.485589 0.999960
-38.089609 28.829140 159.554854 -65.910238 -9.324922 -26.797944 150.162396 0.644931 67.921640 15.262214 51.438612 100.644882 -63.284887 81.205072 74.485558 0.999957
-38.259018 29.356421 159.578860 -65.967764 -9.016302 -25.926864 150.118211 0.656132 67.921686 15.262244 51.438643 100.644827 -63.284861 81.205086 74.485537 0.999955
-38.458650 29.944869 159.572365 -66.035347 -8.676889 -24.981743 150.066609 0.665083 67.921729 15.262277 51.438674 100.644760 -63.284829 81.205107 74.485517 0.999955
-38.668091 30.513883 159.562221 -66.135313 -8.326495 -24.020254 149.994388 0.676251 67.921787 15.262320 51.438717 100.644699 -63.284794 81.205149 74.485512 0.999954
-38.905109 31.114554 159.556972 -66.241849 -7.958730 -22.985774 149.922312 0.687293 67.921832 15.262352 51.438747 100.644638 -63.284759 81.205183 74.485503 0.999953
-39.135749 31.725737 159.540342 -66.343793 -7.569488 -21.921450 149.842258 0.698392 67.921877 15.262373 51.438777 100.644574 -63.284725 81.205209 74.485488 0.999953
-39.337469 32.374282 159.503102 -66.415158 -7.163625 -20.884589 149.736204 0.709250 67.921895 15.262389 51.438792 100.644526 -63.284694 81.205208 74.485451 0.999953
-39.532608 33.015375 159.462277 -66.498980 -6.761273 -19.828254 149.633850 0.718471 67.921913 15.262408 51.438811 100.644474 -63.284664 81.205206 74.485419 0.999951
-39.714697 33.669599 159.413586 -66.528347 -6.345212 -18.821202 149.526433 0.729929 67.921917 15.262418 51.438825 100.644428 -63.284635 81.205200 74.485381 0.999952
-39.916271 34.342756 159.374592 -66.588018 -5.925347 -17.776935 149.451358 0.738906 67.921930 15.262426 51.438849 100.644354 -63.284605 81.205189 74.485343 0.999950
-40.036158 34.976838 159.368851 -66.506649 -5.595519 -16.899621 149.399795 0.749060 67.921924 15.262415 51.438866 100.644277 -63.284584 81.205174 74.485299 0.999947
-40.129179 35.599912 159.400871 -66.321632 -5.292167 -16.132821 149.334706 0.757443 67.921913 15.262404 51.438877 100.644211 -63.284559 81.205156 74.485250 0.999945
-40.232510 36.241606 159.440447 -66.150025 -4.981439 -15.343609 149.270736 0.767078 67.921906 15.262394 51.438890 100.644141 -63.284532 81.205141 74.485198 0.999941
-40.320946 36.832266 159.533247 -65.957667 -4.720201 -14.627385 149.206725 0.773597 67.921897 15.262389 51.438897 100.644086 -63.284506 81.205122 74.485159 0.999939
-40.361429 37.336333 159.649069 -65.765638 -4.548913 -14.043285 149.165260 0.781885 67.921913 15.262390 51.438909 100.644029 -63.284482 81.205119 74.485133 0.999937
-40.377159 37.756494 159.759691 -65.604293 -4.443039 -13.530129 149.144681 0.785935 67.921909 15.262389 51.438916 100.643994 -63.284471 81.205108 74.485110 0.999937
-40.397154 38.198565 159.873316 -65.406521 -4.298075 -13.014501 149.109509 0.791824 67.921899 15.262379 51.438917 100.643949 -63.284457 81.205104 74.485082 0.999937
-40.407842 38.642720 160.001731 -65.216038 -4.162534 -12.502143 149.076603 0.793484 67.921890 15.262372 51.438912 100.643917 -63.284443 81.205102 74.485055 0.999937
-40.419691 39.022542 160.122406 -65.055918 -4.044454 -12.071694 149.042831 0.797169 67.921880 15.262361 51.438915 100.643857 -63.284435 81.205093 74.485026 0.999937
-40.431668 39.414541 160.229451 -64.896347 -3.935110 -11.613586 149.019733 0.798102 67.921864 15.262350 51.438912 100.643802 -63.284425 81.205082 74.484997 0.999937
-40.443705 39.822174 160.351268 -64.760793 -3.843896 -11.071239 149.021426 0.799912 67.921855 15.262340 51.438914 100.643742 -63.284409 81.205071 74.484976 0.999938
-40.456529 40.237232 160.477833 -64.622498 -3.743889 -10.543247 149.001552 0.801654 67.921845 15.262331 51.438916 100.643690 -63.284397 81.205062 74.484957 0.999939
-40.459266 40.605806 160.584631 -64.520414 -3.659050 -10.043076 148.990990 0.801658 67.921829 15.262324 51.438917 100.643643 -63.284385 81.205057 74.484945 0.999940
-40.456510 40.978481 160.694199 -64.416579 -3.570221 -9.554661 148.973398 0.800949 67.921825 15.262323 51.438917 100.643596 -63.284371 81.205056 74.484934 0.999940
-40.452505 41.399566 160.828161 -64.263928 -3.465145 -9.048390 148.959005 0.800246 67.921812 15.262318 51.438913 100.643543 -63.284356 81.205051 74.484918 0.999940
-40.458407 41.813621 160.941771 -64.092920 -3.357952 -8.591248 148.925829 0.799054 67.921794 15.262315 51.438908 100.643501 -63.284343 81.205034 74.484895 0.999939
-40.441623 42.218550 161.063930 -63.930907 -3.251213 -8.133133 148.889347 0.796789 67.921772 15.262318 51.438897 100.643454 -63.284334 81.205024 74.484869 0.999940
-40.447286 42.580596 161.184301 -63.798041 -3.130404 -7.726553 148.848619 0.795536 67.921749 15.262316 51.438890 100.643412 -63.284324 81.205017 74.484851 0.999940
-40.463123 42.910782 161.297582 -63.653770 -3.002412 -7.356420 148.792858 0.794766 67.921731 15.262314 51.438882 100.643371 -63.284313 81.205006 74.484831 0.999942
-40.479457 43.238943 161.404957 -63.506288 -2.870182 -6.988589 148.736666 0.796144 67.921711 15.262315 51.438877 100.643332 -63.284304 81.204993 74.484809 0.999943
-40.495007 43.495244 161.491244 -63.388875 -2.779289 -6.675969 148.691189 0.796987 67.921692 15.262317 51.438876 100.643298 -63.284296 81.204984 74.484793 0.999945
-40.515256 43.733599 161.566340 -63.301498 -2.672960 -6.380647 148.630326 0.796531 67.921680 15.262325 51.438874 100.643277 -63.284288 81.204979 74.484777 0.999946
-40.526324 43.977400 161.657291 -63.210544 -2.572634 -6.088895 148.582935 0.797256 67.921674 15.262334 51.438874 100.643254 -63.284278 81.204980 74.484766 0.999948
-40.541383 44.189912 161.727890 -63.135587 -2.479803 -5.822539 148.531751 0.796916 67.921667 15.262348 51.438870 100.643238 -63.284271 81.204981 74.484755 0.999948
-40.556890 44.375826 161.804940 -63.087100 -2.401466 -5.580868 148.482125 0.789148 67.921665 15.262368 51.438869 100.643237 -63.284263 81.204986 74.484756 0.999946
-40.568863 44.568823 161.886071 -63.038632 -2.322697 -5.344672 148.434858 0.778600 67.921665 15.262390 51.438866 100.643239 -63.284257 81.204993 74.484763 0.999945
-40.566527 44.738197 161.960004 -62.998849 -2.255151 -5.136192 148.388767 0.763946 67.921659 15.262419 51.438863 100.643248 -63.284251 81.204991 74.484765 0.999945
-40.569687 44.932694 162.024843 -62.918596 -2.192053 -4.921449 148.358482 0.750512 67.921649 15.262446 51.438860 100.643253 -63.284246 81.204976 74.484769 0.999946
-40.572959 45.108978 162.073774 -62.847786 -2.130094 -4.726606 148.316997 0.736936 67.921642 15.262472 51.438856 100.643273 -63.284241 81.204965 74.484773 0.999948
-40.563422 45.232815 162.108214 -62.808295 -2.073208 -4.605089 148.273635 0.722852 67.921641 15.262504 51.438850 100.643290 -63.284232 81.204960 74.484785 0.999948
-40.557984 45.397287 162.155559 -62.742949 -2.002250 -4.445420 148.231648 0.708554 67.921633 15.262536 51.438850 100.643324 -63.284228 81.204948 74.484788 0.999948
-40.554900 45.483215 162.168987 -62.698465 -1.937131 -4.367706 148.185686 0.694766 67.921625 15.262567 51.438849 100.643361 -63.284221 81.204936 74.484792 0.999949
-40.542110 45.585168 162.197555 -62.627457 -1.855811 -4.304885 148.124351 0.680966 67.921617 15.262602 51.438846 100.643403 -63.284216 81.204932 74.484799 0.999952
-40.532341 45.691762 162.236043 -62.586136 -1.767093 -4.221873 148.067103 0.663810 67.921599 15.262632 51.438835 100.643449 -63.284210 81.204918 74.484807 0.999953
-40.528505 45.765668 162.271390 -62.546260 -1.690260 -4.160426 147.994142 0.646892 67.921593 15.262672 51.438832 100.643497 -63.284203 81.204914 74.484814 0.999953
-40.523199 45.887920 162.333766 -62.486465 -1.595602 -4.070957 147.931516 0.624254 67.921577 15.262707 51.438819 100.643548 -63.284201 81.204902 74.484825 0.999952
-40.512138 45.949000 162.373691 -62.454359 -1.527911 -4.020595 147.883619 0.602408 67.921562 15.262748 51.438815 100.643596 -63.284198 81.204896 74.484842 0.999952
-40.504938 46.035566 162.418019 -62.411897 -1.459863 -3.964610 147.830337 0.577986 67.921543 15.262787 51.438809 100.643640 -63.284196 81.204887 74.484855 0.999952
-40.499886 46.120132 162.450559 -62.367690 -1.401234 -3.906486 147.780230 0.554491 67.921526 15.262828 51.438803 100.643695 -63.284196 81.204881 74.484872 0.999951
-40.495522 46.111379 162.460893 -62.381049 -1.366866 -3.936314 147.730664 0.525015 67.921514 15.262873 51.438796 100.643753 -63.284191 81.204876 74.484910 0.999952
-40.489180 46.073547 162.464837 -62.402199 -1.320888 -4.008417 147.665522 0.497895 67.921497 15.262918 51.438787 100.643816 -63.284185 81.204874 74.484940 0.999950
-40.480183 46.049237 162.457361 -62.425293 -1.291551 -4.082178 147.613549 0.469831 67.921473 15.262960 51.438778 100.643884 -63.284184 81.204861 74.484972 0.999951
-40.479802 46.039658 162.450418 -62.439387 -1.242313 -4.125146 147.551789 0.444598 67.921453 15.263002 51.438772 100.643947 -63.284183 81.204850 74.485000 0.999950
-40.476391 45.999146 162.427120 -62.479913 -1.209672 -4.211106 147.498564 0.417773 67.921438 15.263046 51.438765 100.644003 -63.284177 81.204846 74.485041 0.999949
-40.478380 45.948604 162.389328 -62.494607 -1.186609 -4.325725 147.437969 0.393394 67.921420 15.263087 51.438757 100.644062 -63.284172 81.204835 74.485074 0.999949
-40.478908 45.878082 162.344026 -62.524210 -1.172994 -4.460396 147.388606 0.367246 67.921406 15.263128 51.438753 100.644129 -63.284164 81.204828 74.485124 0.999949
-40.479760 45.790288 162.289519 -62.554867 -1.152755 -4.612750 147.334656 0.339400 67.921386 15.263171 51.438745 100.644189 -63.284158 81.204819 74.485168 0.999949
-40.482525 45.753033 162.246911 -62.582502 -1.136492 -4.691751 147.293803 0.310849 67.921361 15.263210 51.438735 100.644252 -63.284154 81.204801 74.485214 0.999949
-40.486290 45.655745 162.178490 -62.638540 -1.130840 -4.813510 147.247170 0.284071 67.921342 15.263255 51.438728 100.644317 -63.284151 81.204789 74.485259 0.999948
-40.492388 45.520288 162.095513 -62.686112 -1.116516 -5.015956 147.183108 0.255887 67.921319 15.263298 51.438725 100.644389 -63.284150 81.204782 74.485312 0.999948
-40.504386 45.292355 161.982956 -62.785957 -1.126662 -5.283226 147.115945 0.231336 67.921312 15.263342 51.438727 100.644466 -63.284148 81.204784 74.485367 0.999948
-40.509185 45.086555 161.864191 -62.869351 -1.122244 -5.551357 147.043164 0.202515 67.921299 15.263396 51.438732 100.644558 -63.284144 81.204784 74.485426 0.999945
-40.522784 44.832680 161.728010 -62.967000 -1.118119 -5.883890 146.967731 0.174216 67.921289 15.263448 51.438738 100.644640 -63.284142 81.204788 74.485486 0.999944
-40.540237 44.548082 161.575472 -63.095234 -1.131996 -6.254475 146.886528 0.145650 67.921279 15.263496 51.438746 100.644723 -63.284145 81.204788 74.485547 0.999943
-40.555813 44.222704 161.410618 -63.246927 -1.148011 -6.648516 146.805435 0.116169 67.921263 15.263547 51.438755 100.644814 -63.284147 81.204789 74.485613 0.999942
-40.574371 43.913384 161.228078 -63.345507 -1.157170 -7.075974 146.721428 0.087499 67.921243 15.263602 51.438761 100.644903 -63.284148 81.204785 74.485666 0.999940
-40.590786 43.586876 161.030899 -63.475953 -1.177209 -7.517145 146.644355 0.056693 67.921219 15.263650 51.438762 100.644995 -63.284155 81.204773 74.485727 0.999939
-40.609766 43.215127 160.824035 -63.626334 -1.199172 -8.009619 146.554293 0.025315 67.921193 15.263698 51.438762 100.645090 -63.284164 81.204761 74.485784 0.999936
-40.638091 42.809693 160.583230 -63.796122 -1.230912 -8.537242 146.469517 -0.002762 67.921177 15.263741 51.438765 100.645182 -63.284169 81.204755 74.485842 0.999936
-40.662007 42.380615 160.323913 -63.992890 -1.275905 -9.084247 146.397187 -0.030507 67.921151 15.263772 51.438763 100.645273 -63.284177 81.204741 74.485899 0.999936
-40.690799 41.885074 160.037316 -64.201910 -1.305459 -9.710807 146.297507 -0.050685 67.921131 15.263802 51.438758 100.645365 -63.284183 81.204727 74.485950 0.999937
-40.724687 41.389337 159.745596 -64.417293 -1.344480 -10.332089 146.204046 -0.068151 67.921104 15.263825 51.438755 100.645445 -63.284194 81.204716 74.485988 0.999937
-40.765290 40.894624 159.443215 -64.630858 -1.359674 -10.959053 146.095908 -0.079830 67.921073 15.263850 51.438757 100.645519 -63.284209 81.204704 74.486017 0.999938
-40.818321 40.366161 159.100858 -64.838531 -1.373500 -11.649658 145.982799 -0.087843 67.921043 15.263869 51.438756 100.645586 -63.284221 81.204686 74.486039 0.999941
-40.876049 39.788755 158.737408 -65.084430 -1.389750 -12.373282 145.862030 -0.093000 67.921016 15.263884 51.438757 100.645663 -63.284237 81.204669 74.486059 0.999942
-40.937589 39.233396 158.367969 -65.289974 -1.400676 -13.105602 145.737877 -0.096658 67.920980 15.263898 51.438758 100.645724 -63.284254 81.204642 74.486066 0.999944
-40.989581 38.697440 157.996579 -65.505132 -1.416049 -13.786448 145.635469 -0.100050 67.920946 15.263904 51.438753 100.645779 -63.284271 81.204625 74.486078 0.999946
-41.044376 38.042488 157.569022 -65.771021 -1.436330 -14.632733 145.507642 -0.101860 67.920912 15.263914 51.438751 100.645843 -63.284289 81.204610 74.486087 0.999948
-41.103020 37.464292 157.166691 -65.976597 -1.437119 -15.431276 145.386040 -0.102250 67.920870 15.263918 51.438751 100.645890 -63.284306 81.204590 74.486089 0.999948
-41.155710 36.860538 156.760278 -66.205527 -1.444442 -16.260538 145.264680 -0.102756 67.920825 15.263925 51.438749 100.645940 -63.284328 81.204559 74.486084 0.999950
-41.205694 36.227642 156.323481 -66.428204 -1.452134 -17.134555 145.135594 -0.102403 67.920784 15.263931 51.438754 100.645985 -63.284349 81.204531 74.486078 0.999951
-41.261086 35.589595 155.896699 -66.662729 -1.465129 -17.999868 145.012515 -0.101178 67.920739 15.263930 51.438752 100.646030 -63.284374 81.204504 74.486071 0.999952
-41.311155 34.951495 155.469442 -66.891464 -1.478337 -18.885497 144.886580 -0.099886 67.920689 15.263928 51.438752 100.646077 -63.284401 81.204472 74.486063 0.999952
-41.364522 34.310475 155.027675 -67.124797 -1.488460 -19.805370 144.762206 -0.097940 67.920636 15.263923 51.438753 100.646124 -63.284425 81.204442 74.486055 0.999953
-41.421659 33.637257 154.576150 -67.368150 -1.489590 -20.763285 144.622293 -0.095583 67.920583 15.263924 51.438763 100.646178 -63.284458 81.204407 74.486047 0.999953
-41.470060 32.999151 154.124062 -67.584174 -1.514066 -21.706246 144.502510 -0.092982 67.920527 15.263914 51.438766 100.646231 -63.284488 81.204375 74.486035 0.999953
-41.523109 32.394248 153.693583 -67.774697 -1.527600 -22.615684 144.384986 -0.090652 67.920471 15.263901 51.438765 100.646278 -63.284517 81.204339 74.486027 0.999953
-41.567906 31.752743 153.259786 -68.014433 -1.552088 -23.516517 144.276850 -0.087496 67.920407 15.263884 51.438768 100.646315 -63.284550 81.204305 74.486016 0.999953
-41.619415 31.183272 152.860700 -68.211245 -1.561180 -24.369964 144.166877 -0.085220 67.920348 15.263867 51.438770 100.646358 -63.284583 81.204271 74.486005 0.999953
-41.660531 30.624420 152.465565 -68.398016 -1.563631 -25.243363 144.055845 -0.082994 67.920283 15.263847 51.438769 100.646404 -63.284616 81.204236 74.485994 0.999953
-41.702520 30.099714 152.099802 -68.557120 -1.552636 -26.086344 143.948621 -0.081328 67.920211 15.263817 51.438758 100.646440 -63.284653 81.204193 74.485983 0.999953
-41.743680 29.588422 151.745122 -68.713657 -1.539901 -26.904811 143.846345 -0.080422 67.920140 15.263789 51.438750 100.646477 -63.284689 81.204152 74.485974 0.999953
-41.781255 29.098027 151.401561 -68.857161 -1.528191 -27.710385 143.748411 -0.078924 67.920066 15.263753 51.438744 100.646508 -63.284731 81.204114 74.485966 0.999952
-41.811737 28.600079 151.048212 -68.987641 -1.517609 -28.533956 143.648820 -0.077046 67.919988 15.263714 51.438732 100.646551 -63.284773 81.204075 74.485959 0.999953
-41.847138 28.141175 150.704307 -69.099015 -1.491097 -29.318016 143.542818 -0.076207 67.919907 15.263674 51.438720 100.646587 -63.284818 81.204032 74.485950 0.999953
-41.857532 27.699561 150.421488 -69.207848 -1.479051 -30.067114 143.461851 -0.076018 67.919823 15.263628 51.438700 100.646626 -63.284860 81.203993 74.485943 0.999953
-41.876625 27.271425 150.141582 -69.327019 -1.454484 -30.777405 143.381872 -0.076331 67.919738 15.263581 51.438685 100.646658 -63.284909 81.203953 74.485939 0.999953
-41.881751 26.875471 149.893879 -69.416487 -1.464373 -31.452851 143.327075 -0.076245 67.919660 15.263527 51.438669 100.646699 -63.284956 81.203917 74.485943 0.999954
-41.866011 26.470736 149.643934 -69.497242 -1.470637 -32.174671 143.264236 -0.076407 67.919582 15.263472 51.438650 100.646738 -63.285000 81.203878 74.485942 0.999954
-41.846182 26.081263 149.424887 -69.606006 -1.516327 -32.788982 143.226373 -0.076732 67.919503 15.263416 51.438630 100.646796 -63.285044 81.203839 74.485948 0.999956
-41.817676 25.701656 149.221075 -69.702277 -1.561770 -33.394904 143.191589 -0.076856 67.919425 15.263364 51.438613 100.646850 -63.285091 81.203803 74.485952 0.999958
-41.766169 25.368494 149.047543 -69.746473 -1.607217 -33.990055 143.173641 -0.077384 67.919346 15.263314 51.438600 100.646902 -63.285136 81.203770 74.485955 0.999960
-41.709328 25.051243 148.874485 -69.732734 -1.635874 -34.613471 143.152998 -0.077779 67.919258 15.263263 51.438590 100.646951 -63.285183 81.203732 74.485953 0.999962
-41.654446 24.734481 148.743549 -69.722420 -1.671229 -35.216555 143.132573 -0.078348 67.919171 15.263211 51.438575 100.646998 -63.285235 81.203696 74.485954 0.999966
-41.569863 24.437494 148.622432 -69.670601 -1.726063 -35.796561 143.127234 -0.079001 67.919087 15.263164 51.438566 100.647053 -63.285284 81.203664 74.485952 0.999966
-41.473640 24.136866 148.525893 -69.611638 -1.815469 -36.382496 143.128303 -0.079474 67.919013 15.263119 51.438558 100.647115 -63.285329 81.203638 74.485957 0.999968
-41.366978 23.818578 148.431486 -69.540208 -1.916303 -36.990460 143.135508 -0.080078 67.918929 15.263069 51.438551 100.647175 -63.285377 81.203611 74.485958 0.999971
-41.240482 23.538959 148.368274 -69.416651 -2.028955 -37.578708 143.143681 -0.080716 67.918855 15.263029 51.438538 100.647238 -63.285422 81.203588 74.485963 0.999972
-41.100581 23.260787 148.323509 -69.274855 -2.151189 -38.168219 143.163071 -0.081426 67.918770 15.262988 51.438531 100.647283 -63.285466 81.203570 74.485963 0.999972
-40.945451 22.992926 148.302593 -69.058268 -2.278220 -38.829509 143.176212 -0.082284 67.918693 15.262952 51.438523 100.647334 -63.285514 81.203550 74.485960 0.999972
-40.794265 22.750443 148.332295 -68.808673 -2.426918 -39.478403 143.185516 -0.082899 67.918622 15.262916 51.438520 100.647372 -63.285560 81.203538 74.485959 0.999974
-40.618477 22.489776 148.363991 -68.555407 -2.591061 -40.149825 143.197493 -0.083231 67.918549 15.262882 51.438515 100.647417 -63.285604 81.203527 74.485954 0.999974
-40.437844 22.268659 148.403925 -68.243383 -2.750350 -40.844425 143.200111 -0.083759 67.918480 15.262854 51.438509 100.647467 -63.285644 81.203513 74.485947 0.999974
-40.225966 22.010066 148.465940 -67.898499 -2.948221 -41.585888 143.221767 -0.084084 67.918410 15.262825 51.438508 100.647517 -63.285690 81.203500 74.485939 0.999974
-40.005479 21.777381 148.533984 -67.520887 -3.150003 -42.324103 143.245606 -0.084099 67.918336 15.262799 51.438499 100.647565 -63.285730 81.203483 74.485920 0.999972
-39.772093 21.512830 148.615848 -67.131075 -3.383916 -43.061292 143.278008 -0.084310 67.918258 15.262775 51.438492 100.647618 -63.285771 81.203462 74.485906 0.999974
-39.529151 21.258412 148.695357 -66.721363 -3.587686 -43.842459 143.293695 -0.084818 67.918182 15.262747 51.438490 100.647682 -63.285812 81.203437 74.485890 0.999975
-39.275501 21.005440 148.787209 -66.320676 -3.837115 -44.585872 143.321036 -0.084893 67.918098 15.262724 51.438485 100.647737 -63.285851 81.203418 74.485869 0.999974
-39.007637 20.734355 148.908743 -65.870401 -4.121822 -45.399206 143.352581 -0.085082 67.918017 15.262699 51.438477 100.647800 -63.285892 81.203401 74.485854 0.999974
-38.727471 20.460731 149.023412 -65.405657 -4.396661 -46.239876 143.369528 -0.085755 67.917926 15.262670 51.438470 100.647863 -63.285935 81.203376 74.485834 0.999973
-38.423068 20.173346 149.151256 -64.940868 -4.710964 -47.091233 143.412828 -0.086092 67.917835 15.262645 51.438463 100.647931 -63.285975 81.203354 74.485813 0.999974
-38.124515 19.915135 149.275093 -64.467595 -5.005288 -47.888485 143.441122 -0.086202 67.917740 15.262616 51.438452 100.647987 -63.286006 81.203329 74.485779 0.999973
-37.825399 19.688622 149.379251 -63.992605 -5.273793 -48.650620 143.465699 -0.086347 67.917643 15.262581 51.438441 100.648045 -63.286035 81.203295 74.485748 0.999972
-37.516370 19.440165 149.489277 -63.513835 -5.557962 -49.464712 143.487775 -0.086420 67.917531 15.262546 51.438424 100.648117 -63.286071 81.203254 74.485719 0.999971
-37.208285 19.196718 149.595628 -63.048579 -5.849546 -50.216848 143.500911 -0.086619 67.917428 15.262514 51.438412 100.648181 -63.286102 81.203219 74.485688 0.999970
-36.942660 19.003449 149.660329 -62.624157 -6.074653 -50.873999 143.493979 -0.086172 67.917327 15.262482 51.438399 100.648246 -63.286132 81.203178 74.485657 0.999968
-36.678648 18.813293 149.721420 -62.207107 -6.307978 -51.497945 143.484148 -0.085531 67.917223 15.262449 51.438385 100.648310 -63.286160 81.203140 74.485623 0.999967
-36.416453 18.645988 149.786767 -61.784087 -6.559640 -52.117334 143.465044 -0.084809 67.917121 15.262421 51.438373 100.648374 -63.286187 81.203108 74.485592 0.999967
-36.148535 18.449142 149.859489 -61.349064 -6.797824 -52.774475 143.433969 -0.084185 67.917022 15.262390 51.438357 100.648439 -63.286217 81.203070 74.485563 0.999967
-35.861672 18.249645 149.946544 -60.894287 -7.075178 -53.448635 143.414301 -0.083283 67.916924 15.262362 51.438342 100.648493 -63.286244 81.203042 74.485531 0.999967
-35.609792 18.074658 150.007356 -60.493119 -7.321020 -54.040489 143.394072 -0.082722 67.916826 15.262340 51.438324 100.648541 -63.286274 81.203017 74.485499 0.999965
-35.359558 17.888409 150.076719 -60.091015 -7.607966 -54.621704 143.379256 -0.082314 67.916728 15.262312 51.438312 100.648583 -63.286302 81.202998 74.485473 0.999963
-35.110737 17.688187 150.157663 -59.733039 -7.879583 -55.186336 143.359816 -0.081525 67.916636 15.262283 51.438298 100.648634 -63.286329 81.202989 74.485457 0.999962
-34.891746 17.529774 150.219725 -59.386975 -8.145695 -55.694116 143.341784 -0.080975 67.916552 15.262258 51.438289 100.648678 -63.286355 81.202980 74.485443 0.999960
-34.678878 17.361806 150.297853 -59.061995 -8.420870 -56.195274 143.335372 -0.080250 67.916470 15.262237 51.438277 100.648727 -63.286379 81.202980 74.485427 0.999959
-34.465868 17.183557 150.382627 -58.753044 -8.703346 -56.682552 143.324876 -0.079713 67.916386 15.262220 51.438266 100.648779 -63.286403 81.202981 74.485410 0.999958
-34.251042 17.007115 150.477966 -58.426309 -9.038213 -57.167919 143.325822 -0.078950 67.916309 15.262207 51.438259 100.648828 -63.286427 81.202992 74.485404 0.999957
-34.036535 16.820599 150.577592 -58.097267 -9.371817 -57.677886 143.339262 -0.078348 67.916238 15.262194 51.438250 100.648870 -63.286451 81.203003 74.485398 0.999955
-33.821382 16.621160 150.692221 -57.752697 -9.718906 -58.213270 143.347101 -0.077629 67.916170 15.262186 51.438244 100.648916 -63.286473 81.203018 74.485394 0.999953
-33.587289 16.417057 150.809338 -57.370103 -10.090016 -58.771055 143.352543 -0.076963 67.916103 15.262178 51.438233 100.648967 -63.286498 81.203033 74.485390 0.999953
-33.353559 16.208086 150.936279 -56.983271 -10.476667 -59.337422 143.355554 -0.076368 67.916038 15.262174 51.438225 100.649010 -63.286520 81.203051 74.485385 0.999952
-33.116311 15.992145 151.050062 -56.606262 -10.866670 -59.919608 143.367537 -0.075731 67.915976 15.262167 51.438217 100.649046 -63.286541 81.203074 74.485379 0.999951
-32.863979 15.765919 151.181027 -56.179345 -11.287187 -60.542585 143.390227 -0.074886 67.915911 15.262169 51.438212 100.649083 -63.286565 81.203091 74.485372 0.999951
-32.590925 15.511372 151.336869 -55.742906 -11.740502 -61.213803 143.415234 -0.073975 67.915847 15.262174 51.438206 100.649123 -63.286590 81.203111 74.485369 0.999951
-32.300043 15.245131 151.491043 -55.282028 -12.223887 -61.905171 143.436594 -0.073196 67.915787 15.262180 51.438202 100.649154 -63.286612 81.203130 74.485367 0.999952
-32.019982 14.997362 151.649403 -54.825534 -12.688875 -62.578323 143.461390 -0.072315 67.915725 15.262187 51.438196 100.649191 -63.286639 81.203143 74.485363 0.999953
-31.735840 14.742363 151.804707 -54.359082 -13.149656 -63.280550 143.482603 -0.071557 67.915664 15.262197 51.438195 100.649222 -63.286660 81.203157 74.485357 0.999954
-31.427259 14.473608 151.966173 -53.871352 -13.655366 -64.014984 143.503024 -0.070914 67.915604 15.262202 51.438189 100.649258 -63.286682 81.203168 74.485352 0.999954
-31.130553 14.209267 152.109502 -53.404838 -14.123641 -64.729344 143.523027 -0.070328 67.915550 15.262212 51.438187 100.649290 -63.286702 81.203178 74.485343 0.999954
-30.804407 13.902996 152.290962 -52.907883 -14.656562 -65.513771 143.549821 -0.069309 67.915495 15.262217 51.438181 100.649315 -63.286722 81.203187 74.485337 0.999954
-30.508648 13.629107 152.455502 -52.440299 -15.143967 -66.241956 143.573913 -0.068693 67.915432 15.262222 51.438175 100.649345 -63.286740 81.203195 74.485334 0.999953
-30.202944 13.348843 152.632171 -51.946280 -15.647179 -66.988183 143.601235 -0.067844 67.915376 15.262231 51.438169 100.649379 -63.286757 81.203206 74.485333 0.999952
-29.885313 13.072928 152.786414 -51.435127 -16.163716 -67.757530 143.621251 -0.067231 67.915320 15.262237 51.438165 100.649406 -63.286773 81.203217 74.485329 0.999952
-29.559383 12.813904 152.942107 -50.916544 -16.675184 -68.514195 143.637648 -0.066463 67.915268 15.262245 51.438167 100.649433 -63.286788 81.203225 74.485321 0.999952
-29.261768 12.557203 153.081081 -50.444616 -17.150820 -69.219049 143.650758 -0.065990 67.915217 15.262255 51.438169 100.649462 -63.286801 81.203237 74.485321 0.999951
-28.955113 12.302747 153.229475 -49.973473 -17.637421 -69.932662 143.654825 -0.065292 67.915169 15.262264 51.438170 100.649491 -63.286814 81.203240 74.485318 0.999950
-28.667880 12.071392 153.359854 -49.511813 -18.099224 -70.607769 143.664450 -0.064439 67.915119 15.262278 51.438170 100.649514 -63.286827 81.203241 74.485314 0.999950
-28.374975 11.847263 153.476994 -49.077544 -18.539017 -71.267842 143.670755 -0.063666 67.915075 15.262299 51.438168 100.649537 -63.286836 81.203243 74.485309 0.999950
-28.097410 11.646432 153.579675 -48.651957 -18.952127 -71.900270 143.676535 -0.063152 67.915035 15.262316 51.438167 100.649546 -63.286844 81.203240 74.485306 0.999951
-27.808540 11.434232 153.697621 -48.225627 -19.380609 -72.562210 143.680557 -0.062218 67.914994 15.262334 51.438167 100.649548 -63.286854 81.203237 74.485300 0.999953
-27.524364 11.231441 153.801928 -47.789899 -19.811452 -73.201735 143.684408 -0.062007 67.914945 15.262351 51.438160 100.649556 -63.286862 81.203227 74.485289 0.999953
-27.250627 11.040388 153.908874 -47.379647 -20.246791 -73.835209 143.688508 -0.061420 67.914908 15.262370 51.438154 100.649556 -63.286866 81.203222 74.485287 0.999953
-26.970840 10.868550 154.008136 -46.970024 -20.663715 -74.464803 143.698109 -0.061116 67.914864 15.262387 51.438148 100.649563 -63.286872 81.203213 74.485274 0.999953
-26.698732 10.710377 154.103019 -46.574005 -21.084219 -75.046676 143.703204 -0.060314 67.914827 15.262403 51.438145 100.649559 -63.286877 81.203202 74.485267 0.999953
-26.425852 10.535185 154.192791 -46.174329 -21.487916 -75.658460 143.705842 -0.059703 67.914796 15.262423 51.438137 100.649557 -63.286878 81.203190 74.485259 0.999954
-26.164421 10.383936 154.279957 -45.791806 -21.866679 -76.214499 143.701269 -0.059104 67.914761 15.262441 51.438140 100.649559 -63.286882 81.203185 74.485253 0.999953
-25.901068 10.251621 154.350035 -45.416360 -22.228000 -76.769041 143.711304 -0.059101 67.914724 15.262464 51.438143 100.649558 -63.286885 81.203173 74.485246 0.999954
-25.632627 10.118573 154.420981 -45.024391 -22.601550 -77.347048 143.719645 -0.058893 67.914692 15.262482 51.438141 100.649552 -63.286885 81.203159 74.485236 0.999953
-25.371896 9.985001 154.497514 -44.661025 -22.957673 -77.891325 143.724194 -0.058579 67.914661 15.262504 51.438143 100.649543 -63.286882 81.203145 74.485229 0.999954
-25.127477 9.872888 154.575733 -44.306019 -23.309489 -78.401051 143.737521 -0.058313 67.914634 15.262522 51.438143 100.649554 -63.286882 81.203137 74.485223 0.999954
-24.890175 9.772941 154.633527 -43.970841 -23.637167 -78.872698 143.741859 -0.057763 67.914610 15.262539 51.438145 100.649550 -63.286880 81.203128 74.485212 0.999954
-24.656943 9.667957 154.706742 -43.622218 -23.981239 -79.383371 143.742848 -0.057306 67.914590 15.262558 51.438150 100.649554 -63.286880 81.203127 74.485207 0.999954
-24.413212 9.568810 154.782990 -43.278743 -24.350373 -79.868305 143.759718 -0.057169 67.914559 15.262573 51.438143 100.649551 -63.286876 81.203111 74.485195 0.999955
-24.170882 9.457843 154.864321 -42.944517 -24.696986 -80.366292 143.778042 -0.057004 67.914533 15.262589 51.438142 100.649553 -63.286876 81.203101 74.485188 0.999953
-23.940680 9.354846 154.942513 -42.591980 -25.041526 -80.861034 143.784033 -0.056862 67.914508 15.262596 51.438139 100.649547 -63.286872 81.203092 74.485180 0.999953
-23.737162 9.284562 155.008440 -42.286822 -25.344567 -81.277996 143.780904 -0.056012 67.914481 15.262604 51.438137 100.649550 -63.286871 81.203084 74.485172 0.999953
-23.523969 9.209104 155.068498 -41.978742 -25.651065 -81.719482 143.777499 -0.055851 67.914454 15.262616 51.438137 100.649541 -63.286867 81.203078 74.485163 0.999954
-23.307331 9.126614 155.127002 -41.670904 -25.955978 -82.152085 143.775050 -0.055334 67.914434 15.262627 51.438133 100.649536 -63.286866 81.203066 74.485152 0.999954
-23.093608 9.059981 155.186314 -41.361048 -26.252541 -82.580728 143.774313 -0.054595 67.914409 15.262639 51.438131 100.649534 -63.286865 81.203054 74.485142 0.999956
-22.865999 9.001467 155.247711 -41.032464 -26.554344 -83.021314 143.783613 -0.054103 67.914381 15.262647 51.438127 100.649536 -63.286861 81.203041 74.485132 0.999957
-22.645970 8.946922 155.302223 -40.692103 -26.868987 -83.445006 143.785527 -0.053357 67.914358 15.262653 51.438125 100.649524 -63.286851 81.203031 74.485121 0.999957
-22.426375 8.885735 155.353164 -40.375624 -27.176198 -83.858085 143.791110 -0.052750 67.914336 15.262663 51.438123 100.649520 -63.286846 81.203023 74.485110 0.999957
-22.203949 8.830300 155.400471 -40.056347 -27.501764 -84.271826 143.807003 -0.052741 67.914312 15.262669 51.438111 100.649518 -63.286838 81.203015 74.485099 0.999957
-21.990380 8.773622 155.441053 -39.774337 -27.806156 -84.663870 143.801919 -0.052278 67.914287 15.262676 51.438110 100.649518 -63.286826 81.203003 74.485088 0.999956
-21.763079 8.732956 155.483504 -39.473319 -28.122422 -85.051564 143.816850 -0.052115 67.914258 15.262678 51.438103 100.649515 -63.286814 81.202988 74.485079 0.999956
-21.536893 8.701688 155.530695 -39.148555 -28.449285 -85.431986 143.819680 -0.051520 67.914232 15.262688 51.438103 100.649520 -63.286803 81.202980 74.485069 0.999956
-21.314505 8.674924 155.575572 -38.837608 -28.782952 -85.801709 143.819238 -0.051246 67.914207 15.262696 51.438098 100.649520 -63.286792 81.202963 74.485056 0.999955
-21.088078 8.643641 155.625677 -38.537111 -29.110830 -86.175396 143.835579 -0.050662 67.914174 15.262700 51.438092 100.649522 -63.286784 81.202943 74.485047 0.999955
-20.858115 8.627173 155.677813 -38.237086 -29.461014 -86.559969 143.854494 -0.050018 67.914142 15.262701 51.438090 100.649524 -63.286776 81.202926 74.485044 0.999953
-20.647823 8.621191 155.722202 -37.965245 -29.783903 -86.903456 143.871798 -0.049510 67.914109 15.262702 51.438083 100.649531 -63.286769 81.202905 74.485040 0.999952
-20.424841 8.614152 155.773087 -37.650286 -30.129344 -87.269493 143.883169 -0.048544 67.914078 15.262706 51.438079 100.649529 -63.286761 81.202890 74.485028 0.999953
-20.226755 8.616643 155.814493 -37.350496 -30.448729 -87.579053 143.890943 -0.047770 67.914047 15.262705 51.438073 100.649532 -63.286753 81.202867 74.485019 0.999953
-20.017265 8.629046 155.844785 -37.054063 -30.777842 -87.874368 143.906757 -0.046990 67.914018 15.262705 51.438067 100.649528 -63.286749 81.202846 74.485013 0.999954
-19.803134 8.635057 155.888984 -36.763086 -31.081597 -88.192310 143.913202 -0.045643 67.913986 15.262702 51.438062 100.649530 -63.286749 81.202825 74.485005 0.999956
-19.583599 8.635459 155.938941 -36.458771 -31.402546 -88.530547 143.929653 -0.044416 67.913957 15.262700 51.438058 100.649527 -63.286746 81.202797 74.484991 0.999958
-19.357459 8.672848 155.969015 -36.135888 -31.737994 -88.847800 143.935499 -0.043219 67.913930 15.262697 51.438058 100.649522 -63.286744 81.202779 74.484982 0.999960
-19.154402 8.691077 155.991222 -35.855618 -32.009559 -89.120712 143.946011 -0.041915 67.913904 15.262696 51.438052 100.649528 -63.286745 81.202759 74.484975 0.999962
-18.948015 8.706634 156.017320 -35.575535 -32.292728 -89.406170 143.958305 -0.040461 67.913879 15.262690 51.438044 100.649532 -63.286744 81.202741 74.484967 0.999964
-18.720491 8.741679 156.041017 -35.265828 -32.608953 -89.696499 143.962765 -0.038794 67.913847 15.262690 51.438042 100.649539 -63.286745 81.202721 74.484954 0.999967
-18.491300 8.764065 156.068172 -34.975289 -32.893690 -89.995951 143.982720 -0.037298 67.913813 15.262687 51.438036 100.649539 -63.286745 81.202697 74.484940 0.999970
-18.266834 8.807659 156.087809 -34.693142 -33.187212 -90.271961 144.001229 -0.035881 67.913779 15.262684 51.438033 100.649542 -63.286746 81.202675 74.484929 0.999974
-18.046036 8.843256 156.118852 -34.379164 -33.483482 -90.548828 144.015014 -0.034447 67.913754 15.262682 51.438028 100.649536 -63.286743 81.202652 74.484914 0.999978
-17.837043 8.874050 156.156137 -34.099666 -33.775542 -90.820016 144.024261 -0.033089 67.913731 15.262681 51.438029 100.649535 -63.286742 81.202637 74.484905 0.999980
-17.611211 8.909377 156.187294 -33.787426 -34.086714 -91.102259 144.034666 -0.031314 67.913709 15.262677 51.438026 100.649538 -63.286740 81.202614 74.484886 0.999984
-17.395201 8.943259 156.221225 -33.508094 -34.378284 -91.364031 144.057715 -0.029694 67.913691 15.262668 51.438025 100.649536 -63.286739 81.202593 74.484874 0.999988
-17.196234 8.980565 156.260848 -33.226582 -34.670005 -91.605437 144.072632 -0.028041 67.913667 15.262658 51.438019 100.649532 -63.286736 81.202572 74.484860 0.999991
-16.997896 9.014849 156.300454 -32.946430 -34.953510 -91.848703 144.085966 -0.026329 67.913648 15.262652 51.438013 100.649532 -63.286733 81.202559 74.484848 0.999995
-16.775466 9.071285 156.321687 -32.655863 -35.234788 -92.098540 144.113520 -0.024559 67.913608 15.262642 51.438013 100.649529 -63.286734 81.202535 74.484835 0.999998
-16.571770 9.118064 156.360554 -32.384581 -35.497530 -92.339377 144.134594 -0.022776 67.913581 15.262632 51.438008 100.649530 -63.286733 81.202514 74.484824 1.000001
-16.360635 9.160530 156.378613 -32.106976 -35.758312 -92.565628 144.166662 -0.021054 67.913547 15.262623 51.437998 100.649528 -63.286733 81.202493 74.484808 1.000005
-16.157494 9.219317 156.420073 -31.845670 -36.047127 -92.789031 144.197248 -0.019354 67.913525 15.262609 51.437992 100.649530 -63.286727 81.202472 74.484794 1.000007
-15.965150 9.264821 156.462720 -31.594703 -36.325046 -93.004739 144.222176 -0.017655 67.913501 15.262596 51.437984 100.649538 -63.286726 81.202450 74.484781 1.000010
-15.765948 9.311972 156.496742 -31.332599 -36.580584 -93.220528 144.259567 -0.016020 67.913476 15.262584 51.437977 100.649533 -63.286724 81.202432 74.484769 1.000013
-15.569410 9.353637 156.536473 -31.065484 -36.852507 -93.451083 144.299102 -0.014339 67.913452 15.262573 51.437964 100.649527 -63.286723 81.202417 74.484758 1.000016
-15.374689 9.398220 156.568296 -30.783588 -37.102895 -93.661594 144.344150 -0.012912 67.913423 15.262556 51.437960 100.649523 -63.286724 81.202395 74.484744 1.000020
-15.171181 9.451594 156.603856 -30.503566 -37.371957 -93.891505 144.387261 -0.011345 67.913395 15.262540 51.437951 100.649523 -63.286724 81.202375 74.484731 1.000023
-14.978341 9.520323 156.624527 -30.232157 -37.633890 -94.081420 144.431728 -0.010047 67.913360 15.262531 51.437940 100.649523 -63.286724 81.202351 74.484717 1.000027
-14.796887 9.583010 156.643750 -29.962860 -37.867510 -94.273633 144.471387 -0.008390 67.913328 15.262519 51.437933 100.649516 -63.286722 81.202328 74.484702 1.000031
-14.616501 9.645143 156.661508 -29.696293 -38.110634 -94.452377 144.508569 -0.007001 67.913305 15.262508 51.437930 100.649515 -63.286717 81.202312 74.484688 1.000035
-14.434632 9.708594 156.686902 -29.437700 -38.350678 -94.638067 144.549942 -0.005525 67.913282 15.262493 51.437922 100.649514 -63.286714 81.202293 74.484673 1.000039
-14.249463 9.781055 156.699217 -29.171025 -38.586077 -94.817340 144.598187 -0.004090 67.913251 15.262485 51.437914 100.649510 -63.286712 81.202271 74.484662 1.000042
-14.070644 9.842618 156.719690 -28.910115 -38.823134 -94.986723 144.652041 -0.002659 67.913222 15.262470 51.437902 100.649508 -63.286709 81.202248 74.484645 1.000046
