-33.966999 5.464000 157.557007 -68.567001 -16.187000 -62.984001 144.664993 1.125179 67.924004 15.261000 51.438000 100.643997 -63.285000 81.200996 74.487999 0.999930
-33.966999 5.465000 157.557007 -68.567001 -16.187000 -62.984001 144.664993 1.126606 67.922997 15.261000 51.438000 100.643997 -63.284000 81.200996 74.489998 0.999946
-33.980000 5.467000 157.561005 -68.524002 -16.184000 -62.984001 144.673996 1.128284 67.922997 15.261000 51.438000 100.643997 -63.285000 81.200996 74.487999 0.999945
-34.070000 5.480000 157.673996 -68.347000 -16.155001 -62.959000 144.740005 1.127766 67.924004 15.262000 51.438000 100.642998 -63.285000 81.200996 74.485001 0.999954
-34.070000 5.480000 157.673996 -68.347000 -16.155001 -62.959000 144.740005 1.126337 67.922997 15.261000 51.438000 100.637001 -63.285000 81.200996 74.487999 0.999958
-34.450001 5.601000 158.074005 -67.774002 -15.937000 -62.641998 145.084000 1.125647 67.922997 15.261000 51.438000 100.637001 -63.285000 81.200996 74.487999 0.999968
-35.220001 6.071000 158.899002 -66.691002 -15.494000 -61.713001 145.806000 1.125300 67.924004 15.261000 51.438000 100.637001 -63.285000 81.200996 74.485001 0.999975
-35.575001 6.344000 159.263000 -66.202003 -15.294000 -61.209999 146.162003 1.122894 67.924004 15.261000 51.436001 100.651001 -63.284000 81.200996 74.484001 0.999980
-35.883999 6.616000 159.606003 -65.796997 -15.073000 -60.729000 146.498001 1.121277 67.922997 15.261000 51.438999 100.640999 -63.284000 81.198997 74.485001 0.999979
-36.160999 6.887000 159.906006 -65.478996 -14.900000 -60.216999 146.854004 1.120597 67.922997 15.261000 51.438999 100.640999 -63.284000 81.198997 74.485001 0.999983
-36.884998 7.966000 160.662003 -64.735001 -14.338000 -58.646000 147.617004 1.119155 67.922997 15.260000 51.438000 100.642998 -63.285000 81.200996 74.484001 0.999984
-37.117001 8.452000 160.886002 -64.522003 -14.136000 -58.110001 147.845001 1.117537 67.922997 15.261000 51.438999 100.652000 -63.285000 81.200996 74.484001 0.999985
-37.305000 8.898000 161.018997 -64.388000 -13.974000 -57.527000 148.005997 1.115829 67.924004 15.261000 51.438999 100.649002 -63.284000 81.200996 74.485001 0.999983
-37.691002 9.872000 161.335007 -64.088997 -13.554000 -56.209999 148.429993 1.114500 67.924004 15.261000 51.436001 100.639999 -63.285000 81.200996 74.485001 0.999982
-37.831001 10.299000 161.434006 -63.999001 -13.322000 -55.570000 148.634003 1.113477 67.924004 15.261000 51.436001 100.640999 -63.285000 81.200996 74.484001 0.999982
-37.955002 10.728000 161.516006 -63.907001 -13.208000 -55.146999 148.768997 1.113287 67.922997 15.261000 51.438999 100.642998 -63.284000 81.200996 74.484001 0.999983
-38.125000 11.381000 161.634995 -63.798000 -12.924000 -54.334999 148.985001 1.112450 67.924004 15.261000 51.438000 100.640999 -63.285000 81.200996 74.484001 0.999979
-38.237000 11.749000 161.714005 -63.733002 -12.782000 -53.889999 149.119995 1.111678 67.922997 15.260000 51.438000 100.644997 -63.285000 81.200996 74.485001 0.999980
-38.306000 12.034000 161.772003 -63.671001 -12.650000 -53.492001 149.242004 1.110721 67.924004 15.261000 51.436001 100.642998 -63.285000 81.200996 74.485001 0.999979
-38.428001 12.726000 161.839005 -63.578999 -12.370000 -52.657001 149.419998 1.109467 67.924004 15.261000 51.436001 100.649002 -63.285000 81.200996 74.484001 0.999980
-38.526001 13.429000 161.919006 -63.494999 -12.190000 -51.812000 149.653000 1.108488 67.922997 15.260000 51.438000 100.634003 -63.285000 81.200996 74.485001 0.999979
-38.563999 13.746000 161.955994 -63.458000 -12.104000 -51.500999 149.725006 1.107630 67.922997 15.261000 51.438000 100.647003 -63.284000 81.200996 74.483002 0.999978
-38.592999 14.030000 161.975006 -63.437000 -12.003000 -51.118999 149.791000 1.106935 67.924004 15.261000 51.436001 100.640999 -63.285000 81.200996 74.484001 0.999978
-38.630001 14.526000 162.018997 -63.384998 -11.909000 -50.605000 149.945007 1.106019 67.922997 15.261000 51.436001 100.654999 -63.285000 81.200996 74.484001 0.999979
-38.666000 15.128000 162.061996 -63.337002 -11.830000 -49.895000 150.143005 1.105388 67.922997 15.260000 51.438000 100.639999 -63.284000 81.202003 74.485001 0.999979
-38.680000 15.379000 162.085007 -63.310001 -11.770000 -49.603001 150.186996 1.104860 67.922997 15.260000 51.438000 100.639999 -63.284000 81.202003 74.485001 0.999979
-38.693001 15.920000 162.128998 -63.261002 -11.646000 -48.923000 150.376007 1.104222 67.922997 15.261000 51.438000 100.643997 -63.285000 81.200996 74.484001 0.999980
-38.702999 16.377001 162.160004 -63.229000 -11.554000 -48.377998 150.522003 1.103656 67.924004 15.261000 51.436001 100.632004 -63.285000 81.200996 74.483002 0.999982
-38.709000 16.739000 162.182007 -63.209000 -11.505000 -47.941002 150.632004 1.102628 67.922997 15.261000 51.436001 100.642998 -63.284000 81.200996 74.484001 0.999984
-38.720001 17.361000 162.220001 -63.180000 -11.465000 -47.203999 150.830994 1.101774 67.922997 15.261000 51.438000 100.640999 -63.284000 81.200996 74.485001 0.999985
-38.721001 17.649000 162.237000 -63.164001 -11.446000 -46.855999 150.938004 1.101127 67.922997 15.261000 51.438999 100.640999 -63.285000 81.200996 74.484001 0.999985
-38.736000 18.254999 162.270004 -63.145000 -11.405000 -46.132999 151.115005 1.100539 67.924004 15.261000 51.438999 100.638000 -63.284000 81.200996 74.484001 0.999985
-38.743000 18.625000 162.285004 -63.130001 -11.374000 -45.664001 151.272003 1.099461 67.924004 15.261000 51.438000 100.636002 -63.285000 81.200996 74.484001 0.999987
-38.743000 18.625000 162.285004 -63.130001 -11.374000 -45.664001 151.272003 1.098778 67.924004 15.261000 51.438000 100.649002 -63.285000 81.200996 74.483002 0.999990
-38.743999 19.440001 162.339005 -63.075001 -11.339000 -44.685001 151.509003 1.097866 67.922997 15.261000 51.438000 100.662003 -63.285000 81.200996 74.484001 0.999991
-38.745998 19.708000 162.354996 -63.063999 -11.332000 -44.277000 151.570007 1.097165 67.924004 15.261000 51.438000 100.643997 -63.285000 81.200996 74.484001 0.999991
-38.743999 19.975000 162.376007 -63.053001 -11.324000 -44.007000 151.677002 1.096315 67.924004 15.261000 51.438999 100.632004 -63.285000 81.200996 74.485001 0.999993
-38.740002 20.471001 162.416000 -63.034000 -11.318000 -43.320000 151.856995 1.095545 67.922997 15.260000 51.438000 100.633003 -63.285000 81.200996 74.484001 0.999993
-38.737000 20.681000 162.427994 -63.032001 -11.317000 -43.070000 151.931000 1.094978 67.922997 15.261000 51.438000 100.643997 -63.285000 81.200996 74.487000 0.999993
-38.729000 21.159000 162.464996 -63.008999 -11.315000 -42.386002 152.100998 1.093910 67.922997 15.261000 51.438000 100.651001 -63.285000 81.200996 74.484001 0.999993
-38.721001 21.681999 162.501007 -62.994999 -11.318000 -41.773998 152.291000 1.092710 67.924004 15.262000 51.436001 100.634003 -63.285000 81.200996 74.483002 0.999993
-38.715000 22.038000 162.531006 -62.987000 -11.328000 -41.277000 152.417007 1.091782 67.922997 15.260000 51.438000 100.637001 -63.284000 81.200996 74.485001 0.999991
-38.702999 22.622000 162.587997 -62.973999 -11.373000 -40.469002 152.632996 1.091055 67.924004 15.261000 51.438000 100.642998 -63.285000 81.200996 74.484001 0.999991
-38.695000 22.954000 162.615005 -62.969002 -11.407000 -39.964001 152.774002 1.090209 67.924004 15.261000 51.438000 100.644997 -63.285000 81.200996 74.483002 0.999990
-38.685001 23.424000 162.654999 -62.958000 -11.432000 -39.391998 152.912994 1.089187 67.922997 15.261000 51.438000 100.643997 -63.284000 81.200996 74.485001 0.999987
-38.685001 23.424000 162.654999 -62.958000 -11.432000 -39.391998 152.912994 1.088351 67.924004 15.260000 51.438000 100.647003 -63.285000 81.200996 74.484001 0.999987
-38.668999 23.996000 162.697006 -62.942001 -11.480000 -38.597000 153.164001 1.087211 67.924004 15.261000 51.438000 100.640999 -63.284000 81.200996 74.485001 0.999984
-38.668999 23.996000 162.697006 -62.942001 -11.480000 -38.597000 153.164001 1.086299 67.924004 15.261000 51.438000 100.639999 -63.284000 81.200996 74.483002 0.999981
-38.654999 24.427999 162.720993 -62.917000 -11.520000 -37.950001 153.335999 1.085185 67.922997 15.260000 51.438000 100.652000 -63.285000 81.200996 74.485001 0.999979
-38.652000 24.622999 162.735001 -62.910000 -11.541000 -37.714001 153.389008 1.084377 67.922997 15.261000 51.438999 100.633003 -63.285000 81.200996 74.484001 0.999977
-38.640999 25.235001 162.791000 -62.870998 -11.598000 -36.963001 153.598999 1.083697 67.922997 15.261000 51.438999 100.633003 -63.285000 81.200996 74.484001 0.999974
-38.640999 25.235001 162.791000 -62.870998 -11.598000 -36.963001 153.598999 1.083121 67.922997 15.261000 51.438999 100.639999 -63.284000 81.200996 74.483002 0.999971
-38.633999 25.827000 162.858994 -62.833000 -11.675000 -36.145000 153.792999 1.082576 67.922997 15.260000 51.438000 100.640999 -63.285000 81.200996 74.484001 0.999968
-38.633999 26.216000 162.903000 -62.806999 -11.721000 -35.562000 153.938995 1.081831 67.924004 15.261000 51.438000 100.640999 -63.285000 81.200996 74.484001 0.999966
-38.632999 26.650999 162.945007 -62.787998 -11.759000 -34.965000 154.080002 1.081268 67.924004 15.261000 51.438000 100.644997 -63.285000 81.200996 74.484001 0.999964
-38.632999 26.650999 162.945007 -62.787998 -11.759000 -34.965000 154.080002 1.080515 67.924004 15.260000 51.438000 100.638000 -63.285000 81.200996 74.485001 0.999961
-38.632000 27.052000 162.985992 -62.765999 -11.806000 -34.362000 154.223999 1.080246 67.924004 15.260000 51.438000 100.638000 -63.285000 81.200996 74.485001 0.999959
-38.632000 27.655001 163.057007 -62.733002 -11.869000 -33.623001 154.367996 1.079874 67.924004 15.261000 51.438000 100.637001 -63.285000 81.200996 74.485001 0.999957
-38.632000 27.923000 163.082001 -62.709000 -11.898000 -33.188000 154.466995 1.079640 67.922997 15.261000 51.438000 100.642998 -63.285000 81.200996 74.484001 0.999954
-38.630001 28.261999 163.115997 -62.678001 -11.920000 -32.794998 154.554993 1.079449 67.924004 15.262000 51.438000 100.642998 -63.285000 81.200996 74.487000 0.999953
-38.632000 28.813999 163.175003 -62.627998 -11.966000 -31.927000 154.710007 1.079309 67.924004 15.261000 51.438000 100.640999 -63.285000 81.202003 74.484001 0.999953
-38.633999 29.341000 163.218994 -62.575001 -12.032000 -31.275999 154.871994 1.079389 67.924004 15.261000 51.438000 100.640999 -63.285000 81.202003 74.484001 0.999952
-38.638000 29.730000 163.259003 -62.539001 -12.117000 -30.690001 154.988007 1.079682 67.922997 15.261000 51.438000 100.642998 -63.284000 81.200996 74.484001 0.999951
-38.639999 30.058001 163.294998 -62.505001 -12.181000 -30.205000 155.084000 1.080159 67.922997 15.261000 51.438000 100.637001 -63.285000 81.200996 74.481003 0.999951
-38.646999 30.775999 163.373993 -62.446999 -12.290000 -29.223000 155.216995 1.080595 67.924004 15.262000 51.436001 100.639999 -63.284000 81.200996 74.485001 0.999951
-38.653999 31.042999 163.401993 -62.412998 -12.330000 -28.832001 155.311996 1.081336 67.922997 15.261000 51.438000 100.640999 -63.285000 81.200996 74.483002 0.999952
-38.665001 31.343000 163.423996 -62.375999 -12.358000 -28.413000 155.384995 1.082527 67.922997 15.261000 51.438000 100.642998 -63.284000 81.200996 74.485001 0.999954
-38.683998 31.673000 163.451004 -62.341000 -12.391000 -27.834999 155.509995 1.083534 67.924004 15.261000 51.438000 100.637001 -63.285000 81.200996 74.483002 0.999955
-38.721001 32.375999 163.544998 -62.275002 -12.443000 -26.900000 155.606995 1.084859 67.924004 15.261000 51.438000 100.644997 -63.285000 81.200996 74.484001 0.999955
-38.735001 32.629002 163.570999 -62.248001 -12.479000 -26.466000 155.654999 1.086450 67.924004 15.261000 51.438000 100.638000 -63.284000 81.200996 74.485001 0.999957
-38.747002 33.118000 163.617996 -62.185001 -12.546000 -25.808001 155.787003 1.087922 67.924004 15.261000 51.438000 100.640999 -63.284000 81.200996 74.484001 0.999957
-38.755001 33.320999 163.630997 -62.166000 -12.571000 -25.507999 155.819000 1.089489 67.924004 15.261000 51.438000 100.640999 -63.284000 81.202003 74.483002 0.999958
-38.768002 33.519001 163.649002 -62.133999 -12.593000 -25.221001 155.854004 1.091431 67.924004 15.261000 51.436001 100.642998 -63.285000 81.200996 74.485001 0.999960
-38.800999 34.016998 163.705002 -62.077999 -12.639000 -24.485001 155.934006 1.093468 67.924004 15.260000 51.438000 100.642998 -63.285000 81.200996 74.484001 0.999960
-38.844002 34.550999 163.759003 -62.013000 -12.689000 -23.606001 155.996994 1.095694 67.924004 15.261000 51.438000 100.643997 -63.284000 81.200996 74.483002 0.999962
-38.862000 34.749001 163.778000 -61.993000 -12.708000 -23.289000 156.014999 1.098203 67.922997 15.261000 51.438000 100.640999 -63.284000 81.200996 74.483002 0.999963
-38.919998 35.363998 163.847000 -61.904999 -12.733000 -22.329000 156.074005 1.100568 67.922997 15.261000 51.438999 100.647003 -63.285000 81.200996 74.484001 0.999964
-38.950001 35.655998 163.876007 -61.861000 -12.741000 -21.875999 156.115005 1.103439 67.922997 15.261000 51.438000 100.639999 -63.285000 81.200996 74.485001 0.999964
-38.988998 36.087002 163.912994 -61.825001 -12.753000 -21.275000 156.167007 1.106737 67.924004 15.261000 51.436001 100.638000 -63.285000 81.200996 74.485001 0.999965
-39.023998 36.429001 163.960999 -61.787998 -12.768000 -20.723000 156.201996 1.109919 67.924004 15.261000 51.438999 100.636002 -63.284000 81.200996 74.483002 0.999965
-39.116001 37.084999 164.014008 -61.730000 -12.800000 -19.695000 156.246002 1.113410 67.924004 15.261000 51.438000 100.639999 -63.284000 81.200996 74.484001 0.999965
-39.188000 37.610001 164.042007 -61.660000 -12.837000 -18.731001 156.270004 1.117120 67.924004 15.262000 51.438000 100.637001 -63.284000 81.200996 74.485001 0.999965
-39.271999 38.042000 164.052994 -61.625999 -12.856000 -18.079000 156.298004 1.120575 67.922997 15.261000 51.438000 100.649002 -63.285000 81.200996 74.485001 0.999965
-39.271999 38.042000 164.052994 -61.625999 -12.856000 -18.079000 156.298004 1.124418 67.922997 15.261000 51.438000 100.637001 -63.285000 81.200996 74.484001 0.999965
-39.396999 38.855000 164.076004 -61.568001 -12.866000 -16.778000 156.324997 1.128079 67.924004 15.261000 51.438999 100.643997 -63.285000 81.200996 74.485001 0.999963
-39.467999 39.167000 164.106003 -61.548000 -12.865000 -16.250000 156.328995 1.129538 67.922997 15.261000 51.436001 100.638000 -63.284000 81.200996 74.485001 0.999962
-39.546001 39.770000 164.145004 -61.534000 -12.854000 -15.268000 156.337997 1.130227 67.922997 15.261000 51.438000 100.642998 -63.284000 81.200996 74.484001 0.999960
-39.583000 40.063999 164.164993 -61.537998 -12.838000 -14.778000 156.339996 1.130297 67.922997 15.261000 51.438000 100.640999 -63.284000 81.200996 74.481003 0.999957
-39.629002 40.410000 164.201004 -61.523998 -12.805000 -14.201000 156.343002 1.130647 67.924004 15.261000 51.438000 100.644997 -63.284000 81.200996 74.484001 0.999956
-39.707001 40.965000 164.289001 -61.488998 -12.764000 -13.105000 156.350998 1.128286 67.924004 15.260000 51.438000 100.637001 -63.284000 81.200996 74.484001 0.999955
-39.757999 41.330002 164.322006 -61.462002 -12.745000 -12.545000 156.356003 1.123788 67.922997 15.262000 51.438000 100.643997 -63.284000 81.200996 74.484001 0.999954
-39.832001 41.882999 164.414001 -61.402000 -12.661000 -11.557000 156.356995 1.114061 67.924004 15.261000 51.436001 100.642998 -63.284000 81.200996 74.485001 0.999952
-39.896000 42.387001 164.542007 -61.355000 -12.565000 -10.619000 156.356995 1.105166 67.922997 15.260000 51.438999 100.660004 -63.285000 81.200996 74.485001 0.999953
-39.933998 42.646999 164.557007 -61.340000 -12.554000 -10.078000 156.356003 1.088687 67.922997 15.261000 51.438999 100.677002 -63.285000 81.200996 74.484001 0.999953
-40.022999 43.187000 164.626007 -61.303001 -12.535000 -9.247000 156.354004 1.067021 67.922997 15.261000 51.438999 100.666000 -63.284000 81.200996 74.484001 0.999953
-40.068001 43.422001 164.690002 -61.276001 -12.516000 -8.765000 156.354004 1.046752 67.922997 15.260000 51.438000 100.636002 -63.284000 81.200996 74.484001 0.999953
-40.139999 44.053001 164.768005 -61.196999 -12.404000 -7.809000 156.348999 1.022305 67.924004 15.261000 51.438000 100.636002 -63.285000 81.200996 74.487000 0.999953
-40.162998 44.273998 164.785995 -61.155998 -12.300000 -7.345000 156.347000 0.994400 67.922997 15.261000 51.438000 100.636002 -63.284000 81.200996 74.485001 0.999952
-40.271000 44.869999 164.899994 -61.094002 -12.144000 -6.348000 156.324005 0.967489 67.922997 15.261000 51.438999 100.644997 -63.285000 81.200996 74.485001 0.999953
-40.304001 45.230000 164.951004 -61.058998 -12.120000 -5.811000 156.292007 0.939678 67.922997 15.260000 51.438000 100.648003 -63.284000 81.200996 74.485001 0.999953
-40.334999 45.547001 164.983994 -61.023998 -12.098000 -5.321000 156.264999 0.922043 67.922997 15.261000 51.438000 100.647003 -63.284000 81.202003 74.484001 0.999951
-40.361000 45.780998 164.998993 -61.000999 -12.086000 -4.953000 156.248001 0.904910 67.924004 15.261000 51.438000 100.651001 -63.284000 81.200996 74.483002 0.999950
-40.407001 46.171001 165.069000 -60.963001 -12.057000 -4.319000 156.223999 0.883834 67.922997 15.261000 51.438000 100.644997 -63.285000 81.202003 74.484001 0.999948
-40.453999 46.573002 165.205002 -60.945000 -11.995000 -3.551000 156.201996 0.860741 67.922997 15.261000 51.438000 100.644997 -63.285000 81.202003 74.484001 0.999948
-40.472000 46.782001 165.212006 -60.938000 -11.955000 -3.291000 156.195999 0.836601 67.922997 15.261000 51.438000 100.657997 -63.284000 81.202003 74.484001 0.999945
-40.480999 46.924999 165.216995 -60.935001 -11.913000 -2.992000 156.188004 0.809674 67.924004 15.261000 51.438000 100.654999 -63.284000 81.204002 74.484001 0.999943
-40.499001 47.276001 165.225998 -60.931000 -11.862000 -2.370000 156.167007 0.786807 67.922997 15.261000 51.438999 100.655998 -63.284000 81.204002 74.483002 0.999941
-40.507999 47.437000 165.225998 -60.930000 -11.850000 -2.142000 156.156006 0.761056 67.922997 15.260000 51.438000 100.652000 -63.284000 81.205002 74.483002 0.999938
-40.516998 47.562000 165.225998 -60.933998 -11.841000 -1.826000 156.145004 0.734301 67.922997 15.261000 51.438000 100.643997 -63.284000 81.205002 74.483002 0.999934
-40.527000 47.720001 165.227005 -60.986000 -11.815000 -1.527000 156.121994 0.714463 67.922997 15.261000 51.438000 100.643997 -63.284000 81.205002 74.485001 0.999932
-40.539001 47.868000 165.227005 -61.063999 -11.774000 -1.164000 156.085999 0.694667 67.922997 15.261000 51.438000 100.642998 -63.284000 81.205002 74.483002 0.999930
-40.549999 47.944000 165.227005 -61.168999 -11.716000 -0.850000 156.046997 0.666943 67.922997 15.261000 51.438000 100.642998 -63.284000 81.205002 74.483002 0.999928
-40.549999 47.944000 165.227005 -61.168999 -11.716000 -0.850000 156.046997 0.639808 67.922997 15.260000 51.438000 100.642998 -63.284000 81.205002 74.485001 0.999926
-40.568001 48.081001 165.227997 -61.363998 -11.667000 -0.447000 155.985992 0.613577 67.920998 15.261000 51.438000 100.643997 -63.284000 81.206001 74.484001 0.999924
-40.577999 48.098999 165.227005 -61.453999 -11.634000 -0.302000 155.966003 0.582038 67.922997 15.260000 51.438000 100.639999 -63.285000 81.204002 74.485001 0.999923
-40.587002 48.103001 165.227005 -61.498001 -11.618000 -0.225000 155.951996 0.553066 67.922997 15.260000 51.438999 100.644997 -63.284000 81.205002 74.485001 0.999923
-40.595001 48.103001 165.227005 -61.618999 -11.593000 -0.033000 155.923004 0.516138 67.920998 15.261000 51.438000 100.642998 -63.284000 81.205002 74.484001 0.999923
-40.601002 48.098999 165.227997 -61.709999 -11.564000 0.009000 155.899994 0.473027 67.924004 15.260000 51.438000 100.642998 -63.284000 81.205002 74.484001 0.999923
-40.608002 48.055000 165.227997 -61.880001 -11.524000 0.193000 155.854004 0.419931 67.922997 15.260000 51.438999 100.642998 -63.284000 81.204002 74.484001 0.999923
-40.609001 48.014000 165.227997 -61.997002 -11.488000 0.219000 155.824997 0.360054 67.922997 15.260000 51.438999 100.642998 -63.284000 81.204002 74.484001 0.999921
-40.609001 47.904999 165.227997 -62.171001 -11.407000 0.232000 155.738007 0.297214 67.922997 15.260000 51.438000 100.640999 -63.284000 81.205002 74.484001 0.999918
-40.609001 47.827000 165.227005 -62.324001 -11.365000 0.241000 155.684998 0.227198 67.922997 15.260000 51.438000 100.638000 -63.284000 81.205002 74.484001 0.999915
-40.609001 47.679001 165.227005 -62.589001 -11.317000 0.248000 155.610992 0.156067 67.922997 15.261000 51.438000 100.639999 -63.285000 81.205002 74.484001 0.999915
-40.608002 47.594002 165.227997 -62.681999 -11.304000 0.249000 155.591003 0.093988 67.922997 15.261000 51.438999 100.640999 -63.284000 81.205002 74.484001 0.999917
-40.611000 47.363998 165.227997 -63.046001 -11.280000 0.254000 155.548996 0.036814 67.922997 15.261000 51.438999 100.639999 -63.284000 81.205002 74.483002 0.999920
-40.611000 47.242001 165.227005 -63.191002 -11.276000 0.252000 155.533997 -0.012413 67.922997 15.261000 51.438000 100.639999 -63.284000 81.205002 74.484001 0.999925
-40.590000 46.888000 165.223999 -63.550999 -11.296000 -0.090000 155.451004 -0.052685 67.922997 15.261000 51.438000 100.640999 -63.284000 81.205002 74.483002 0.999930
-40.560001 46.695000 165.227997 -63.723999 -11.298000 -0.306000 155.429993 -0.086215 67.922997 15.261000 51.438000 100.643997 -63.284000 81.206001 74.485001 0.999935
-40.522999 46.389000 165.238007 -63.933998 -11.295000 -0.668000 155.382996 -0.112274 67.922997 15.260000 51.438999 100.643997 -63.284000 81.206001 74.484001 0.999937
-40.522999 46.389000 165.238007 -63.933998 -11.295000 -0.668000 155.382996 -0.129840 67.922997 15.260000 51.438000 100.637001 -63.284000 81.208000 74.481003 0.999941
-40.516998 46.021000 165.561996 -64.230003 -11.298000 -1.164000 155.309006 -0.140267 67.920998 15.261000 51.438000 100.638000 -63.284000 81.208000 74.484001 0.999943
-40.512001 45.950001 165.576996 -64.291000 -11.299000 -1.311000 155.289001 -0.148781 67.922997 15.260000 51.438000 100.640999 -63.285000 81.208000 74.484001 0.999945
-40.479000 45.568001 165.574005 -64.561996 -11.302000 -1.759000 155.220993 -0.155865 67.922997 15.260000 51.438000 100.640999 -63.284000 81.206001 74.485001 0.999947
-40.479000 45.568001 165.574005 -64.561996 -11.302000 -1.759000 155.220993 -0.159618 67.920998 15.260000 51.438000 100.640999 -63.284000 81.208000 74.484001 0.999950
-40.398998 44.618999 165.065994 -65.258003 -11.309000 -2.735000 155.054993 -0.160378 67.922997 15.261000 51.438000 100.636002 -63.284000 81.208000 74.484001 0.999951
-40.373001 44.067001 164.755005 -65.608002 -11.304000 -3.202000 154.988007 -0.159887 67.924004 15.260000 51.438000 100.639999 -63.284000 81.208000 74.484001 0.999954
-40.325001 43.271999 164.326004 -66.092003 -11.292000 -4.041000 154.815994 -0.158252 67.922997 15.261000 51.438999 100.639999 -63.284000 81.208000 74.484001 0.999956
-40.313000 42.778999 164.141998 -66.375999 -11.284000 -4.531000 154.703003 -0.154884 67.922997 15.262000 51.436001 100.633003 -63.285000 81.208000 74.485001 0.999957
-40.355999 41.848999 163.654999 -66.884003 -11.254000 -5.578000 154.535004 -0.151196 67.924004 15.261000 51.436001 100.637001 -63.285000 81.209000 74.485001 0.999958
-40.402000 41.459999 163.412003 -67.123001 -11.250000 -6.046000 154.445007 -0.147267 67.924004 15.261000 51.438000 100.622002 -63.284000 81.208000 74.485001 0.999959
-40.487999 40.905998 163.028000 -67.457001 -11.254000 -6.707000 154.317993 -0.141979 67.922997 15.261000 51.436001 100.628998 -63.284000 81.208000 74.485001 0.999959
-40.608002 39.958000 162.423004 -67.973000 -11.241000 -7.808000 154.126999 -0.136937 67.922997 15.261000 51.436001 100.628998 -63.284000 81.208000 74.485001 0.999959
-40.681999 39.118000 161.953003 -68.406998 -11.200000 -8.682000 153.932007 -0.133542 67.920998 15.260000 51.436001 100.644997 -63.282001 81.209000 74.484001 0.999958
-40.681999 39.118000 161.953003 -68.406998 -11.200000 -8.682000 153.932007 -0.128055 67.922997 15.261000 51.436001 100.637001 -63.284000 81.206001 74.484001 0.999958
-40.826000 38.019001 161.276001 -69.014000 -11.184000 -9.827000 153.733994 -0.124191 67.924004 15.261000 51.438000 100.647003 -63.285000 81.206001 74.483002 0.999958
-40.887001 37.591999 161.011993 -69.257004 -11.177000 -10.445000 153.634995 -0.119935 67.922997 15.261000 51.436001 100.637001 -63.284000 81.205002 74.485001 0.999957
-40.936001 37.125999 160.727997 -69.507004 -11.170000 -10.993000 153.526993 -0.115355 67.922997 15.260000 51.438000 100.640999 -63.284000 81.206001 74.484001 0.999957
-41.095001 35.860001 159.912003 -70.138000 -11.126000 -12.351000 153.285004 -0.110048 67.924004 15.261000 51.436001 100.648003 -63.282001 81.206001 74.485001 0.999957
-41.146999 35.396999 159.612000 -70.391998 -11.114000 -12.913000 153.194000 -0.104700 67.922997 15.260000 51.438000 100.637001 -63.284000 81.206001 74.484001 0.999957
-41.251999 34.667000 159.175003 -70.762001 -11.097000 -13.774000 152.994995 -0.096384 67.924004 15.261000 51.436001 100.639999 -63.285000 81.206001 74.487000 0.999957
-41.282001 34.347000 158.994003 -70.930000 -11.082000 -14.213000 152.908997 -0.088125 67.920998 15.261000 51.436001 100.640999 -63.284000 81.206001 74.485001 0.999957
-41.325001 34.008999 158.783997 -71.106003 -11.066000 -14.558000 152.826004 -0.080166 67.922997 15.261000 51.436001 100.647003 -63.284000 81.206001 74.484001 0.999957
-41.421001 33.339001 158.339996 -71.453003 -11.019000 -15.368000 152.656006 -0.072409 67.924004 15.261000 51.438000 100.643997 -63.284000 81.206001 74.485001 0.999957
-41.480999 32.876999 158.022995 -71.678001 -10.975000 -15.956000 152.520996 -0.064810 67.922997 15.261000 51.436001 100.648003 -63.284000 81.206001 74.485001 0.999958
-41.530998 32.472000 157.738007 -71.882004 -10.901000 -16.556999 152.384003 -0.057332 67.922997 15.261000 51.436001 100.648003 -63.284000 81.206001 74.485001 0.999957
-41.639000 31.646999 157.184998 -72.278999 -10.785000 -17.552000 152.210007 -0.049174 67.922997 15.261000 51.436001 100.642998 -63.284000 81.206001 74.485001 0.999957
-41.716000 30.820000 156.647003 -72.653000 -10.615000 -18.663000 151.970993 -0.041134 67.922997 15.260000 51.436001 100.644997 -63.284000 81.206001 74.485001 0.999957
-41.812000 30.031000 156.119003 -72.986000 -10.490000 -19.893999 151.729996 -0.033818 67.924004 15.261000 51.436001 100.638000 -63.284000 81.206001 74.485001 0.999956
-41.812000 30.031000 156.119003 -72.986000 -10.490000 -19.893999 151.729996 -0.026722 67.922997 15.260000 51.436001 100.642998 -63.284000 81.206001 74.487000 0.999955
-41.852001 29.367001 155.667999 -73.264999 -10.353000 -20.705999 151.587006 -0.019959 67.922997 15.260000 51.436001 100.644997 -63.284000 81.206001 74.487000 0.999956
-41.891998 28.879999 155.343002 -73.461998 -10.225000 -21.478001 151.429993 -0.012273 67.922997 15.260000 51.436001 100.647003 -63.284000 81.206001 74.485001 0.999957
-41.915001 28.667999 155.184006 -73.552002 -10.177000 -21.801001 151.376999 -0.004911 67.922997 15.260000 51.436001 100.647003 -63.284000 81.206001 74.485001 0.999958
-41.936001 28.198999 154.904999 -73.720001 -10.115000 -22.406000 151.279999 0.001409 67.922997 15.261000 51.436001 100.647003 -63.284000 81.206001 74.485001 0.999958
-41.944000 27.872000 154.725006 -73.806000 -10.068000 -22.903000 151.207993 0.007714 67.922997 15.261000 51.436001 100.647003 -63.284000 81.206001 74.485001 0.999959
-41.951000 27.340000 154.367996 -73.981003 -9.938000 -23.764000 151.063004 0.013295 67.924004 15.260000 51.436001 100.643997 -63.285000 81.206001 74.485001 0.999960
-41.951000 26.728001 154.029007 -74.125999 -9.768000 -24.767000 150.912003 0.020438 67.924004 15.261000 51.438000 100.643997 -63.285000 81.206001 74.485001 0.999962
-41.951000 26.283001 153.748001 -74.220001 -9.676000 -25.535999 150.757996 0.027374 67.924004 15.261000 51.438000 100.644997 -63.284000 81.206001 74.485001 0.999965
-41.950001 25.919001 153.539001 -74.289001 -9.632000 -26.073000 150.634003 0.033696 67.924004 15.261000 51.436001 100.644997 -63.285000 81.206001 74.484001 0.999966
-41.932999 25.650999 153.399994 -74.321999 -9.597000 -26.615000 150.582001 0.040383 67.922997 15.260000 51.436001 100.644997 -63.284000 81.206001 74.485001 0.999968
-41.889999 25.409000 153.278000 -74.335999 -9.556000 -27.051001 150.542007 0.047150 67.922997 15.261000 51.436001 100.643997 -63.284000 81.206001 74.485001 0.999970
-41.757000 24.760000 153.005997 -74.344002 -9.457000 -28.181000 150.371002 0.053795 67.922997 15.261000 51.436001 100.644997 -63.284000 81.206001 74.485001 0.999973
-41.679001 24.506001 152.910004 -74.325996 -9.440000 -28.673000 150.320999 0.059356 67.924004 15.262000 51.436001 100.642998 -63.284000 81.206001 74.487000 0.999974
-41.488998 23.879999 152.746994 -74.207001 -9.409000 -29.910000 150.188004 0.065832 67.922997 15.260000 51.438000 100.655998 -63.284000 81.206001 74.484001 0.999976
-41.414001 23.597000 152.630997 -74.167999 -9.397000 -30.532000 150.151993 0.072535 67.922997 15.261000 51.438000 100.648003 -63.285000 81.206001 74.487999 0.999977
-41.414001 23.597000 152.630997 -74.167999 -9.397000 -30.532000 150.151993 0.077565 67.922997 15.261000 51.436001 100.639999 -63.284000 81.206001 74.485001 0.999979
-41.167999 22.955000 152.520996 -73.980003 -9.394000 -31.839001 150.095001 0.083187 67.922997 15.261000 51.436001 100.642998 -63.284000 81.206001 74.487000 0.999982
-41.123001 22.862000 152.509995 -73.944000 -9.394000 -31.924000 150.091003 0.090075 67.922997 15.261000 51.435001 100.642998 -63.285000 81.206001 74.485001 0.999984
-40.780998 22.204000 152.492996 -73.601997 -9.591000 -33.435001 150.069000 0.097095 67.922997 15.260000 51.438000 100.647003 -63.284000 81.206001 74.487999 0.999987
-40.617001 21.941999 152.492996 -73.443001 -9.676000 -34.000000 150.070007 0.104402 67.922997 15.261000 51.436001 100.640999 -63.284000 81.205002 74.487000 0.999989
-40.301998 21.424000 152.505997 -73.101997 -9.913000 -35.062000 150.069000 0.111988 67.922997 15.261000 51.436001 100.640999 -63.285000 81.205002 74.487000 0.999991
-40.301998 21.424000 152.505997 -73.101997 -9.913000 -35.062000 150.069000 0.120006 67.922997 15.261000 51.436001 100.643997 -63.285000 81.205002 74.485001 0.999990
-39.868999 20.802999 152.651993 -72.666000 -10.236000 -36.264000 150.087997 0.127477 67.920998 15.260000 51.436001 100.649002 -63.284000 81.204002 74.484001 0.999991
-39.766998 20.662001 152.699997 -72.555000 -10.371000 -36.634998 150.121002 0.135531 67.922997 15.261000 51.436001 100.649002 -63.284000 81.205002 74.485001 0.999992
-39.431000 20.254000 152.852005 -72.198997 -10.652000 -37.400002 150.164993 0.142837 67.920998 15.261000 51.436001 100.644997 -63.285000 81.205002 74.487000 0.999991
-39.292000 20.084000 152.917999 -72.047997 -10.818000 -37.834000 150.184998 0.152670 67.920998 15.261000 51.436001 100.649002 -63.284000 81.204002 74.484001 0.999992
-38.997002 19.732000 153.095001 -71.709999 -11.093000 -38.522999 150.246002 0.160442 67.922997 15.260000 51.436001 100.647003 -63.284000 81.205002 74.487000 0.999992
-38.895000 19.620001 153.173996 -71.603996 -11.189000 -38.816002 150.302002 0.169020 67.920998 15.260000 51.435001 100.648003 -63.284000 81.205002 74.487000 0.999992
-38.599998 19.320000 153.337006 -71.249001 -11.483000 -39.417000 150.389999 0.177805 67.920998 15.260000 51.436001 100.648003 -63.284000 81.205002 74.485001 0.999993
-38.599998 19.320000 153.337006 -71.249001 -11.483000 -39.417000 150.389999 0.187855 67.920998 15.261000 51.438000 100.643997 -63.284000 81.205002 74.487000 0.999993
-38.319000 19.044001 153.516998 -70.933998 -11.758000 -40.060001 150.459000 0.196636 67.920998 15.261000 51.436001 100.649002 -63.284000 81.205002 74.485001 0.999993
-38.228001 18.962000 153.585999 -70.822998 -11.850000 -40.243999 150.481003 0.206188 67.922997 15.261000 51.436001 100.647003 -63.284000 81.204002 74.485001 0.999993
-38.132999 18.884001 153.686996 -70.709000 -11.922000 -40.373001 150.501007 0.216205 67.922997 15.261000 51.436001 100.642998 -63.284000 81.205002 74.485001 0.999994
-37.967999 18.763000 153.800003 -70.503998 -12.053000 -40.702999 150.529999 0.226143 67.922997 15.261000 51.438000 100.642998 -63.284000 81.205002 74.485001 0.999994
-37.865002 18.688999 153.889008 -70.371002 -12.166000 -40.799999 150.541000 0.235690 67.922997 15.261000 51.436001 100.651001 -63.284000 81.205002 74.487000 0.999992
-37.716000 18.606001 154.072006 -70.151001 -12.322000 -41.008999 150.552994 0.244625 67.920998 15.261000 51.436001 100.647003 -63.284000 81.205002 74.487999 0.999992
-37.716000 18.606001 154.072006 -70.151001 -12.322000 -41.008999 150.552994 0.255208 67.920998 15.261000 51.436001 100.644997 -63.284000 81.205002 74.487000 0.999992
-37.618000 18.555000 154.201004 -69.995003 -12.414000 -41.167999 150.563004 0.265918 67.920998 15.261000 51.436001 100.643997 -63.284000 81.205002 74.487000 0.999993
-37.518002 18.511000 154.292007 -69.860001 -12.491000 -41.237000 150.574005 0.275113 67.920998 15.261000 51.436001 100.640999 -63.284000 81.205002 74.485001 0.999992
-37.438000 18.504999 154.429993 -69.694000 -12.627000 -41.310001 150.580994 0.284728 67.922997 15.261000 51.436001 100.640999 -63.284000 81.206001 74.487000 0.999991
-37.311001 18.504999 154.621002 -69.499001 -12.740000 -41.355000 150.587997 0.295260 67.922997 15.261000 51.436001 100.640999 -63.284000 81.205002 74.487000 0.999990
-37.272999 18.503000 154.682999 -69.431999 -12.778000 -41.363998 150.589996 0.305206 67.922997 15.260000 51.436001 100.643997 -63.284000 81.205002 74.487000 0.999988
-37.202999 18.504999 154.779999 -69.318001 -12.830000 -41.381001 150.597000 0.315525 67.920998 15.261000 51.436001 100.643997 -63.284000 81.205002 74.484001 0.999987
-37.125000 18.509001 154.916000 -69.167000 -12.882000 -41.390999 150.606003 0.325230 67.920998 15.261000 51.436001 100.642998 -63.284000 81.205002 74.487000 0.999986
-37.036999 18.535000 155.082993 -69.000000 -12.966000 -41.403999 150.617004 0.334446 67.922997 15.261000 51.436001 100.642998 -63.285000 81.204002 74.484001 0.999986
-36.973999 18.561001 155.186005 -68.877998 -13.018000 -41.403999 150.619003 0.343978 67.920998 15.260000 51.436001 100.644997 -63.284000 81.205002 74.484001 0.999984
-36.893002 18.603001 155.386002 -68.702003 -13.120000 -41.403999 150.628006 0.353628 67.922997 15.261000 51.436001 100.647003 -63.284000 81.205002 74.484001 0.999983
-36.839001 18.631001 155.488007 -68.587997 -13.149000 -41.402000 150.632996 0.362053 67.922997 15.261000 51.436001 100.643997 -63.284000 81.205002 74.487000 0.999982
-36.797001 18.660999 155.557999 -68.515999 -13.194000 -41.396000 150.636002 0.372692 67.920998 15.261000 51.436001 100.649002 -63.285000 81.204002 74.485001 0.999982
-36.752998 18.705999 155.675995 -68.396004 -13.217000 -41.369999 150.643005 0.382778 67.920998 15.261000 51.436001 100.643997 -63.284000 81.204002 74.485001 0.999981
-36.632000 18.804001 155.927002 -68.178001 -13.264000 -41.285000 150.651993 0.391401 67.920998 15.261000 51.436001 100.642998 -63.284000 81.204002 74.484001 0.999980
-36.632000 18.804001 155.927002 -68.178001 -13.264000 -41.285000 150.651993 0.398711 67.920998 15.260000 51.436001 100.647003 -63.284000 81.204002 74.485001 0.999980
-36.543999 18.899000 156.119003 -67.957001 -13.308000 -41.209000 150.667007 0.407224 67.920998 15.261000 51.436001 100.644997 -63.284000 81.205002 74.485001 0.999981
-36.509998 18.931999 156.199005 -67.879997 -13.327000 -41.196999 150.673004 0.415876 67.922997 15.260000 51.436001 100.643997 -63.284000 81.204002 74.487000 0.999981
-36.422001 19.031000 156.404999 -67.699997 -13.373000 -41.145000 150.695999 0.426206 67.922997 15.262000 51.436001 100.642998 -63.285000 81.204002 74.485001 0.999982
-36.393002 19.079000 156.473999 -67.626999 -13.404000 -41.109001 150.707001 0.436113 67.922997 15.261000 51.436001 100.642998 -63.285000 81.204002 74.485001 0.999983
-36.292000 19.205999 156.686996 -67.416000 -13.461000 -40.993999 150.725998 0.445758 67.920998 15.260000 51.436001 100.643997 -63.284000 81.204002 74.487000 0.999982
-36.235001 19.280001 156.841995 -67.273003 -13.503000 -40.921001 150.748001 0.456303 67.920998 15.261000 51.436001 100.642998 -63.284000 81.204002 74.485001 0.999983
-36.209000 19.353001 156.938004 -67.175003 -13.524000 -40.873001 150.757004 0.465625 67.920998 15.261000 51.436001 100.651001 -63.284000 81.204002 74.487000 0.999982
-36.118999 19.528000 157.169998 -66.943001 -13.561000 -40.705002 150.787003 0.475574 67.920998 15.261000 51.436001 100.651001 -63.284000 81.204002 74.487000 0.999983
-36.087002 19.603001 157.270004 -66.850998 -13.572000 -40.667999 150.798004 0.482760 67.920998 15.261000 51.436001 100.648003 -63.284000 81.205002 74.487000 0.999981
-36.061001 19.697001 157.363998 -66.740997 -13.583000 -40.542999 150.806000 0.490731 67.920998 15.260000 51.436001 100.643997 -63.284000 81.205002 74.483002 0.999980
-36.035000 19.808001 157.483002 -66.651001 -13.585000 -40.432999 150.811996 0.497299 67.920998 15.260000 51.436001 100.647003 -63.284000 81.204002 74.487000 0.999978
-35.984001 19.999001 157.703995 -66.473999 -13.595000 -40.226002 150.817001 0.503216 67.920998 15.261000 51.436001 100.647003 -63.284000 81.204002 74.484001 0.999976
-35.966999 20.077000 157.770996 -66.389999 -13.606000 -40.160000 150.817001 0.510416 67.922997 15.260000 51.436001 100.640999 -63.284000 81.204002 74.487000 0.999976
-35.944000 20.434000 158.046997 -66.165001 -13.603000 -39.729000 150.817001 0.517314 67.920998 15.261000 51.435001 100.640999 -63.284000 81.204002 74.487000 0.999974
-35.939999 20.597000 158.162994 -66.087997 -13.592000 -39.571999 150.817001 0.522135 67.920998 15.261000 51.436001 100.644997 -63.285000 81.205002 74.484001 0.999975
-35.941002 20.909000 158.306000 -65.985001 -13.504000 -39.145000 150.817001 0.529880 67.920998 15.261000 51.436001 100.651001 -63.284000 81.204002 74.485001 0.999973
-35.939999 21.037001 158.373993 -65.930000 -13.455000 -38.910000 150.815994 0.539376 67.920998 15.261000 51.436001 100.644997 -63.285000 81.204002 74.484001 0.999973
-35.941002 21.377001 158.557999 -65.809998 -13.336000 -38.500000 150.817001 0.545420 67.920998 15.260000 51.436001 100.643997 -63.284000 81.204002 74.485001 0.999972
-35.941002 21.377001 158.557999 -65.809998 -13.336000 -38.500000 150.817001 0.552859 67.920998 15.261000 51.436001 100.640999 -63.284000 81.204002 74.485001 0.999971
-36.009998 21.843000 158.727005 -65.699997 -13.211000 -37.838001 150.815994 0.562856 67.920998 15.261000 51.436001 100.642998 -63.284000 81.204002 74.485001 0.999969
-36.047001 22.007999 158.770004 -65.676003 -13.143000 -37.589001 150.815994 0.570745 67.922997 15.261000 51.436001 100.638000 -63.285000 81.204002 74.484001 0.999968
-36.165001 22.565001 158.912994 -65.636002 -12.838000 -36.764999 150.798004 0.578117 67.920998 15.260000 51.436001 100.651001 -63.285000 81.204002 74.484001 0.999968
-36.234001 22.837000 158.957993 -65.616997 -12.763000 -36.414001 150.776993 0.588845 67.924004 15.262000 51.436001 100.643997 -63.285000 81.204002 74.485001 0.999968
-36.337002 23.284000 159.065002 -65.598999 -12.521000 -35.742001 150.699997 0.598511 67.919998 15.260000 51.436001 100.639999 -63.284000 81.204002 74.485001 0.999966
-36.337002 23.284000 159.065002 -65.598999 -12.521000 -35.742001 150.699997 0.606029 67.919998 15.260000 51.436001 100.648003 -63.284000 81.204002 74.487000 0.999966
-36.453999 23.659000 159.117004 -65.596001 -12.315000 -35.153999 150.645004 0.615936 67.920998 15.261000 51.435001 100.640999 -63.284000 81.204002 74.484001 0.999963
-36.683998 24.476999 159.210999 -65.591003 -11.846000 -33.783001 150.585007 0.624230 67.920998 15.261000 51.436001 100.642998 -63.285000 81.204002 74.485001 0.999961
-36.757999 24.671000 159.235001 -65.598999 -11.745000 -33.479000 150.565994 0.634181 67.920998 15.261000 51.436001 100.643997 -63.285000 81.202003 74.484001 0.999960
-36.869999 25.061001 159.272003 -65.603996 -11.528000 -32.952000 150.529999 0.644931 67.922997 15.261000 51.435001 100.643997 -63.285000 81.202003 74.485001 0.999957
-37.033001 25.591000 159.317993 -65.646004 -11.237000 -32.077000 150.451996 0.656132 67.920998 15.261000 51.436001 100.648003 -63.284000 81.204002 74.485001 0.999955
-37.132000 25.889000 159.347000 -65.665001 -11.033000 -31.594999 150.417007 0.665083 67.920998 15.261000 51.436001 100.648003 -63.284000 81.204002 74.485001 0.999955
-37.290001 26.379999 159.384995 -65.695999 -10.736000 -30.743000 150.371994 0.676251 67.919998 15.261000 51.436001 100.647003 -63.285000 81.204002 74.484001 0.999954
-37.506001 27.056999 159.436005 -65.757004 -10.371000 -29.690001 150.311996 0.687293 67.920998 15.260000 51.436001 100.649002 -63.285000 81.204002 74.487000 0.999953
-37.598000 27.340000 159.451004 -65.792000 -10.176000 -29.233999 150.283997 0.698392 67.920998 15.261000 51.436001 100.640999 -63.284000 81.202003 74.485001 0.999953
-37.823002 27.990999 159.468994 -65.864998 -9.795000 -28.180000 150.209000 0.709250 67.920998 15.261000 51.436001 100.637001 -63.285000 81.204002 74.485001 0.999953
-37.938000 28.330000 159.477005 -65.889999 -9.573000 -27.504000 150.177002 0.718471 67.920998 15.261000 51.436001 100.644997 -63.284000 81.204002 74.484001 0.999951
-38.180000 29.013000 159.490997 -65.977997 -9.165000 -26.381001 150.132996 0.729929 67.920998 15.261000 51.435001 100.648003 -63.284000 81.202003 74.484001 0.999952
-38.303001 29.337999 159.494995 -66.030998 -9.030000 -25.959000 150.113007 0.738906 67.920998 15.261000 51.436001 100.654999 -63.285000 81.204002 74.485001 0.999950
-38.479000 29.868999 159.509003 -66.085999 -8.701000 -25.035000 150.050995 0.749060 67.920998 15.261000 51.436001 100.640999 -63.284000 81.204002 74.484001 0.999947
-38.678001 30.424999 159.509995 -66.151001 -8.315000 -24.073000 149.955994 0.757443 67.920998 15.260000 51.436001 100.644997 -63.284000 81.202003 74.485001 0.999945
-38.806999 30.809000 159.509003 -66.192001 -8.087000 -23.410999 149.908005 0.767078 67.920998 15.260000 51.436001 100.639999 -63.284000 81.202003 74.484001 0.999941
-39.049000 31.618000 159.509995 -66.287003 -7.617000 -22.224001 149.776001 0.773597 67.920998 15.260000 51.436001 100.642998 -63.285000 81.200996 74.485001 0.999939
-39.158001 31.996000 159.507004 -66.302002 -7.391000 -21.666000 149.727005 0.781885 67.922997 15.260000 51.436001 100.652000 -63.285000 81.200996 74.487000 0.999937
-39.301998 32.566002 159.509003 -66.302002 -7.073000 -20.780001 149.684998 0.785935 67.920998 15.261000 51.435001 100.639999 -63.284000 81.202003 74.483002 0.999937
-39.505001 33.348000 159.500000 -66.302002 -6.630000 -19.650000 149.598999 0.791824 67.920998 15.261000 51.435001 100.639999 -63.284000 81.202003 74.483002 0.999937
-39.589001 33.689999 159.500000 -66.288002 -6.413000 -19.038000 149.533005 0.793484 67.920998 15.261000 51.436001 100.638000 -63.285000 81.202003 74.487000 0.999937
-39.787998 34.470001 159.492004 -66.247002 -5.993000 -17.950001 149.447998 0.797169 67.922997 15.261000 51.435001 100.652000 -63.284000 81.202003 74.485001 0.999937
-39.858002 34.763000 159.485001 -66.210999 -5.826000 -17.552000 149.419998 0.798102 67.920998 15.261000 51.436001 100.643997 -63.284000 81.200996 74.484001 0.999937
-39.933998 35.213001 159.485001 -66.114998 -5.576000 -16.868000 149.384995 0.799912 67.920998 15.261000 51.436001 100.638000 -63.284000 81.202003 74.485001 0.999938
-40.005001 35.619999 159.488998 -66.015999 -5.443000 -16.406000 149.345993 0.801654 67.920998 15.261000 51.435001 100.640999 -63.284000 81.202003 74.484001 0.999939
-40.101002 36.535999 159.634003 -65.750999 -5.083000 -15.275000 149.263000 0.801658 67.920998 15.261000 51.436001 100.642998 -63.285000 81.202003 74.484001 0.999940
-40.153000 36.910999 159.716003 -65.639000 -4.934000 -14.817000 149.231995 0.800949 67.920998 15.261000 51.436001 100.640999 -63.284000 81.204002 74.485001 0.999940
-40.221001 37.617001 159.878006 -65.429001 -4.677000 -13.922000 149.188004 0.800246 67.920998 15.261000 51.436001 100.640999 -63.284000 81.204002 74.485001 0.999940
-40.240002 37.933998 159.964996 -65.342003 -4.553000 -13.417000 149.164993 0.799054 67.920998 15.261000 51.436001 100.643997 -63.285000 81.202003 74.484001 0.999939
-40.270000 38.379002 160.063004 -65.192001 -4.419000 -12.959000 149.143005 0.796789 67.920998 15.261000 51.436001 100.648003 -63.284000 81.202003 74.484001 0.999940
-40.318001 39.111000 160.259995 -64.973000 -4.209000 -11.982000 149.093994 0.795536 67.920998 15.261000 51.435001 100.643997 -63.284000 81.204002 74.484001 0.999940
-40.333000 39.339001 160.322998 -64.908997 -4.115000 -11.648000 149.074005 0.794766 67.922997 15.261000 51.436001 100.640999 -63.284000 81.204002 74.485001 0.999942
-40.347000 39.604000 160.403000 -64.815002 -4.014000 -11.305000 149.059006 0.796144 67.922997 15.261000 51.436001 100.640999 -63.284000 81.204002 74.485001 0.999943
-40.362999 40.021000 160.485001 -64.686996 -3.875000 -10.835000 149.052002 0.796987 67.920998 15.261000 51.436001 100.639999 -63.284000 81.205002 74.484001 0.999945
-40.374001 40.463001 160.600006 -64.537003 -3.773000 -10.211000 149.035004 0.796531 67.920998 15.260000 51.436001 100.640999 -63.285000 81.204002 74.484001 0.999946
-40.377998 40.605999 160.647995 -64.487999 -3.735000 -10.056000 149.029007 0.797256 67.920998 15.262000 51.436001 100.638000 -63.284000 81.204002 74.484001 0.999948
-40.382999 40.819000 160.710007 -64.421997 -3.636000 -9.753000 149.003998 0.796916 67.920998 15.260000 51.438000 100.642998 -63.285000 81.205002 74.484001 0.999948
-40.396000 41.235001 160.832993 -64.252998 -3.485000 -9.278000 148.953995 0.789148 67.920998 15.261000 51.438000 100.637001 -63.284000 81.205002 74.485001 0.999946
-40.424000 41.882000 161.022995 -64.000000 -3.308000 -8.606000 148.871994 0.778600 67.920998 15.261000 51.436001 100.642998 -63.284000 81.204002 74.485001 0.999945
-40.450001 42.471001 161.201004 -63.776001 -3.072000 -7.874000 148.813004 0.763946 67.920998 15.261000 51.436001 100.642998 -63.284000 81.204002 74.485001 0.999945
-40.450001 42.471001 161.201004 -63.776001 -3.072000 -7.874000 148.813004 0.750512 67.920998 15.261000 51.436001 100.639999 -63.284000 81.204002 74.487999 0.999946
-40.473000 43.091000 161.397003 -63.556999 -2.885000 -7.127000 148.731003 0.736936 67.920998 15.261000 51.436001 100.639999 -63.284000 81.204002 74.487999 0.999948
-40.477001 43.287998 161.451996 -63.487000 -2.812000 -6.895000 148.688004 0.722852 67.920998 15.261000 51.435001 100.644997 -63.284000 81.204002 74.485001 0.999948
-40.483002 43.497002 161.522003 -63.400002 -2.720000 -6.638000 148.645996 0.708554 67.920998 15.260000 51.435001 100.640999 -63.285000 81.204002 74.481003 0.999948
-40.492001 43.825001 161.626007 -63.306999 -2.569000 -6.244000 148.580002 0.694766 67.920998 15.260000 51.436001 100.642998 -63.284000 81.204002 74.483002 0.999949
-40.500999 44.120998 161.735992 -63.198002 -2.487000 -5.903000 148.524994 0.680966 67.920998 15.260000 51.436001 100.642998 -63.284000 81.205002 74.487000 0.999952
-40.508999 44.272999 161.785995 -63.152000 -2.455000 -5.719000 148.490997 0.663810 67.920998 15.261000 51.436001 100.642998 -63.284000 81.204002 74.483002 0.999953
-40.520000 44.566002 161.860992 -63.025002 -2.333000 -5.394000 148.404007 0.646892 67.920998 15.261000 51.436001 100.643997 -63.284000 81.204002 74.483002 0.999953
-40.525002 44.695999 161.908005 -62.976002 -2.264000 -5.243000 148.378998 0.624254 67.920998 15.261000 51.436001 100.643997 -63.284000 81.204002 74.485001 0.999952
-40.532001 44.960999 162.000000 -62.887001 -2.095000 -4.986000 148.309006 0.602408 67.920998 15.261000 51.435001 100.642998 -63.284000 81.204002 74.484001 0.999952
-40.530998 45.153000 162.063004 -62.790001 -2.017000 -4.753000 148.212997 0.577986 67.920998 15.261000 51.435001 100.640999 -63.284000 81.204002 74.484001 0.999952
-40.530998 45.153000 162.063004 -62.790001 -2.017000 -4.753000 148.212997 0.554491 67.920998 15.261000 51.438000 100.638000 -63.285000 81.204002 74.484001 0.999951
-40.530998 45.416000 162.184006 -62.679001 -1.853000 -4.537000 148.102997 0.525015 67.920998 15.260000 51.438000 100.639999 -63.284000 81.204002 74.484001 0.999952
-40.542999 45.512001 162.188995 -62.645000 -1.814000 -4.485000 148.050995 0.497895 67.920998 15.261000 51.435001 100.638000 -63.284000 81.205002 74.484001 0.999950
-40.550999 45.646000 162.195007 -62.598000 -1.755000 -4.437000 147.938995 0.469831 67.920998 15.261000 51.435001 100.638000 -63.282001 81.204002 74.485001 0.999951
-40.568001 45.726002 162.115005 -62.595001 -1.735000 -4.413000 147.899994 0.444598 67.920998 15.261000 51.435001 100.640999 -63.284000 81.205002 74.483002 0.999950
-40.568001 45.794998 162.149994 -62.553001 -1.687000 -4.383000 147.858002 0.417773 67.920998 15.260000 51.436001 100.639999 -63.284000 81.202003 74.484001 0.999949
-40.569000 45.827999 162.164993 -62.535999 -1.660000 -4.360000 147.820999 0.393394 67.920998 15.261000 51.435001 100.642998 -63.282001 81.204002 74.485001 0.999949
-40.573002 45.858002 162.184006 -62.522999 -1.621000 -4.356000 147.783005 0.367246 67.920998 15.261000 51.435001 100.643997 -63.282001 81.204002 74.484001 0.999949
-40.592999 45.884998 162.186996 -62.514000 -1.529000 -4.360000 147.740997 0.339400 67.920998 15.260000 51.436001 100.643997 -63.284000 81.204002 74.485001 0.999949
-40.575001 45.902000 162.218002 -62.509998 -1.430000 -4.360000 147.654007 0.310849 67.920998 15.261000 51.436001 100.638000 -63.284000 81.204002 74.484001 0.999949
-40.571999 45.900002 162.225998 -62.509998 -1.385000 -4.360000 147.612000 0.284071 67.920998 15.261000 51.436001 100.649002 -63.282001 81.204002 74.485001 0.999948
-40.567001 45.895000 162.231003 -62.508999 -1.352000 -4.360000 147.570999 0.255887 67.920998 15.261000 51.436001 100.639999 -63.284000 81.204002 74.483002 0.999948
-40.557999 45.839001 162.233002 -62.527000 -1.286000 -4.395000 147.462997 0.231336 67.920998 15.260000 51.436001 100.643997 -63.282001 81.204002 74.485001 0.999948
-40.549999 45.799000 162.233002 -62.544998 -1.268000 -4.445000 147.436996 0.202515 67.920998 15.260000 51.435001 100.643997 -63.284000 81.204002 74.485001 0.999945
-40.539001 45.747002 162.233002 -62.562000 -1.248000 -4.540000 147.417007 0.174216 67.920998 15.261000 51.436001 100.643997 -63.284000 81.204002 74.484001 0.999944
-40.522999 45.689999 162.227997 -62.589001 -1.220000 -4.650000 147.376999 0.145650 67.920998 15.261000 51.436001 100.643997 -63.284000 81.205002 74.485001 0.999943
-40.509998 45.660999 162.214996 -62.599998 -1.209000 -4.696000 147.350006 0.116169 67.920998 15.261000 51.435001 100.644997 -63.284000 81.202003 74.485001 0.999942
-40.484001 45.569000 162.166000 -62.643002 -1.186000 -4.820000 147.292007 0.087499 67.920998 15.261000 51.435001 100.644997 -63.284000 81.204002 74.485001 0.999940
-40.465000 45.410000 162.115005 -62.719002 -1.164000 -4.997000 147.227005 0.056693 67.920998 15.261000 51.435001 100.643997 -63.284000 81.204002 74.485001 0.999939
-40.451000 45.099998 162.035995 -62.832001 -1.137000 -5.416000 147.115997 0.025315 67.922997 15.261000 51.435001 100.642998 -63.284000 81.204002 74.485001 0.999936
-40.451000 45.099998 162.035995 -62.832001 -1.137000 -5.416000 147.115997 -0.002762 67.920998 15.261000 51.435001 100.643997 -63.285000 81.204002 74.485001 0.999936
-40.472000 44.611000 161.776993 -63.030998 -1.135000 -6.085000 146.968994 -0.030507 67.920998 15.260000 51.436001 100.639999 -63.284000 81.204002 74.484001 0.999936
-40.483002 44.410000 161.688995 -63.098999 -1.120000 -6.259000 146.944000 -0.050685 67.919998 15.260000 51.436001 100.666000 -63.284000 81.204002 74.484001 0.999937
-40.491001 44.216999 161.569000 -63.165001 -1.093000 -6.502000 146.906998 -0.068151 67.919998 15.260000 51.436001 100.647003 -63.282001 81.204002 74.487000 0.999937
-40.530998 43.695999 161.276001 -63.367001 -1.090000 -7.156000 146.753006 -0.079830 67.920998 15.261000 51.436001 100.642998 -63.285000 81.204002 74.485001 0.999938
-40.530998 43.695999 161.276001 -63.367001 -1.090000 -7.156000 146.753006 -0.087843 67.920998 15.261000 51.432999 100.643997 -63.282001 81.204002 74.484001 0.999941
-40.561001 43.243000 160.968002 -63.564999 -1.123000 -7.767000 146.664001 -0.093000 67.920998 15.261000 51.432999 100.643997 -63.282001 81.204002 74.484001 0.999942
-40.597000 42.806000 160.679001 -63.776001 -1.161000 -8.392000 146.576004 -0.096658 67.919998 15.260000 51.436001 100.638000 -63.282001 81.204002 74.484001 0.999944
-40.611000 42.647999 160.570007 -63.838001 -1.176000 -8.632000 146.541000 -0.100050 67.922997 15.261000 51.436001 100.639999 -63.284000 81.204002 74.484001 0.999946
-40.639000 42.219002 160.298004 -64.046997 -1.218000 -9.188000 146.427994 -0.101860 67.920998 15.261000 51.436001 100.643997 -63.285000 81.204002 74.484001 0.999948
-40.639000 42.219002 160.298004 -64.046997 -1.218000 -9.188000 146.427994 -0.102250 67.920998 15.260000 51.436001 100.644997 -63.284000 81.204002 74.483002 0.999948
-40.734001 41.410000 159.733002 -64.383003 -1.274000 -10.321000 146.207993 -0.102756 67.920998 15.261000 51.435001 100.648003 -63.284000 81.204002 74.484001 0.999950
-40.768002 40.983002 159.466995 -64.570000 -1.292000 -10.781000 146.108994 -0.102403 67.920998 15.261000 51.435001 100.642998 -63.284000 81.204002 74.484001 0.999951
-40.842999 40.169998 158.957993 -64.897003 -1.330000 -11.929000 145.931000 -0.101178 67.919998 15.261000 51.436001 100.643997 -63.282001 81.204002 74.481003 0.999952
-40.887001 39.762001 158.686996 -65.070999 -1.343000 -12.374000 145.858994 -0.099886 67.920998 15.260000 51.435001 100.644997 -63.284000 81.204002 74.484001 0.999952
-40.950001 38.931999 158.139008 -65.379997 -1.362000 -13.465000 145.658005 -0.097940 67.920998 15.261000 51.435001 100.642998 -63.282001 81.204002 74.485001 0.999953
-40.969002 38.686001 157.953995 -65.487999 -1.365000 -13.831000 145.625000 -0.095583 67.920998 15.261000 51.436001 100.642998 -63.284000 81.204002 74.484001 0.999953
-41.039001 38.067001 157.520004 -65.710999 -1.374000 -14.657000 145.498001 -0.092982 67.919998 15.261000 51.436001 100.643997 -63.282001 81.204002 74.483002 0.999953
-41.076000 37.655998 157.246994 -65.884003 -1.382000 -15.264000 145.393997 -0.090652 67.920998 15.261000 51.435001 100.643997 -63.282001 81.204002 74.484001 0.999953
-41.112999 37.165001 156.936005 -66.046997 -1.387000 -15.839000 145.292007 -0.087496 67.920998 15.261000 51.436001 100.644997 -63.284000 81.204002 74.485001 0.999953
-41.112999 37.165001 156.936005 -66.046997 -1.387000 -15.839000 145.292007 -0.085220 67.922997 15.261000 51.435001 100.642998 -63.284000 81.204002 74.485001 0.999953
-41.216000 36.116001 156.242004 -66.457001 -1.403000 -17.306999 145.108002 -0.082994 67.920998 15.261000 51.435001 100.643997 -63.284000 81.204002 74.485001 0.999953
-41.251999 35.726002 155.966003 -66.599998 -1.417000 -17.941999 145.001007 -0.081328 67.922997 15.261000 51.435001 100.640999 -63.284000 81.204002 74.484001 0.999953
-41.285999 35.195999 155.602005 -66.792000 -1.430000 -18.697001 144.908997 -0.080422 67.920998 15.261000 51.435001 100.643997 -63.282001 81.204002 74.485001 0.999953
-41.358002 34.354000 155.014999 -67.089996 -1.451000 -19.921000 144.733002 -0.078924 67.920998 15.260000 51.436001 100.639999 -63.284000 81.204002 74.484001 0.999952
-41.439999 33.451000 154.414001 -67.410004 -1.465000 -21.077999 144.606003 -0.077046 67.920998 15.261000 51.436001 100.648003 -63.284000 81.204002 74.485001 0.999953
-41.477001 32.993999 154.113007 -67.571999 -1.472000 -21.799000 144.507996 -0.076207 67.920998 15.261000 51.435001 100.648003 -63.282001 81.204002 74.485001 0.999953
-41.516998 32.476002 153.733994 -67.745003 -1.477000 -22.702999 144.393005 -0.076018 67.920998 15.261000 51.436001 100.644997 -63.284000 81.202003 74.485001 0.999953
-41.591000 31.624001 153.130997 -68.021004 -1.487000 -23.862000 144.272995 -0.076331 67.920998 15.260000 51.436001 100.648003 -63.284000 81.204002 74.483002 0.999953
-41.618999 31.316000 152.904999 -68.130997 -1.491000 -24.426001 144.209000 -0.076245 67.919998 15.260000 51.436001 100.647003 -63.284000 81.204002 74.483002 0.999954
-41.660000 30.552000 152.395004 -68.373001 -1.496000 -25.606001 144.048004 -0.076407 67.919998 15.260000 51.436001 100.647003 -63.284000 81.204002 74.483002 0.999954
-41.694000 30.049999 152.057007 -68.516998 -1.496000 -26.294001 143.929993 -0.076732 67.920998 15.261000 51.436001 100.644997 -63.282001 81.204002 74.483002 0.999956
-41.737000 29.306999 151.550003 -68.709000 -1.496000 -27.464001 143.809006 -0.076856 67.920998 15.260000 51.436001 100.651001 -63.284000 81.204002 74.484001 0.999958
-41.752998 28.872000 151.248001 -68.851997 -1.496000 -28.198999 143.735001 -0.077384 67.920998 15.260000 51.435001 100.642998 -63.284000 81.204002 74.485001 0.999960
-41.764999 28.134001 150.766006 -69.055000 -1.496000 -29.495001 143.593994 -0.077779 67.920998 15.260000 51.435001 100.644997 -63.284000 81.204002 74.484001 0.999962
-41.768002 27.813999 150.563004 -69.123001 -1.496000 -30.025000 143.535995 -0.078348 67.920998 15.261000 51.435001 100.648003 -63.284000 81.204002 74.485001 0.999966
-41.770000 27.527000 150.397003 -69.219002 -1.496000 -30.506001 143.473999 -0.079001 67.920998 15.261000 51.435001 100.649002 -63.284000 81.204002 74.485001 0.999966
-41.770000 26.813000 149.962006 -69.348999 -1.518000 -31.608999 143.388000 -0.079474 67.920998 15.261000 51.435001 100.647003 -63.284000 81.204002 74.485001 0.999968
-41.770000 26.813000 149.962006 -69.348999 -1.518000 -31.608999 143.388000 -0.080078 67.919998 15.261000 51.436001 100.648003 -63.282001 81.204002 74.485001 0.999971
-41.749001 26.316999 149.681000 -69.445000 -1.558000 -32.569000 143.345001 -0.080716 67.920998 15.261000 51.436001 100.648003 -63.284000 81.204002 74.483002 0.999972
-41.695000 25.830000 149.406998 -69.490997 -1.595000 -33.431000 143.291000 -0.081426 67.920998 15.262000 51.435001 100.644997 -63.282001 81.204002 74.487000 0.999972
-41.653999 25.596001 149.289993 -69.495003 -1.620000 -33.762001 143.278000 -0.082284 67.920998 15.262000 51.435001 100.644997 -63.282001 81.204002 74.487000 0.999972
-41.591000 25.177000 149.098999 -69.503998 -1.680000 -34.520000 143.242996 -0.082899 67.920998 15.261000 51.436001 100.647003 -63.282001 81.204002 74.484001 0.999974
-41.460999 24.750000 148.921997 -69.480003 -1.803000 -35.354000 143.227997 -0.083231 67.920998 15.260000 51.436001 100.643997 -63.282001 81.204002 74.485001 0.999974
-41.382000 24.487000 148.835007 -69.415001 -1.896000 -35.877998 143.220993 -0.083759 67.920998 15.261000 51.436001 100.648003 -63.284000 81.204002 74.484001 0.999974
-41.220001 23.987000 148.692993 -69.234001 -2.040000 -36.918999 143.201004 -0.084084 67.920998 15.261000 51.436001 100.649002 -63.282001 81.204002 74.483002 0.999974
-41.220001 23.987000 148.692993 -69.234001 -2.040000 -36.918999 143.201004 -0.084099 67.919998 15.260000 51.436001 100.647003 -63.284000 81.204002 74.485001 0.999972
-41.119999 23.723000 148.617996 -69.139000 -2.090000 -37.431000 143.190994 -0.084310 67.920998 15.261000 51.436001 100.644997 -63.284000 81.204002 74.485001 0.999974
-41.057999 23.504999 148.533005 -69.060997 -2.162000 -37.884998 143.186005 -0.084818 67.920998 15.261000 51.436001 100.644997 -63.284000 81.204002 74.485001 0.999975
-41.025002 23.403000 148.507004 -69.028999 -2.212000 -38.111000 143.184006 -0.084893 67.920998 15.260000 51.436001 100.644997 -63.284000 81.204002 74.484001 0.999974
-40.987999 23.320999 148.487000 -69.007004 -2.250000 -38.301998 143.184006 -0.085082 67.919998 15.260000 51.436001 100.647003 -63.284000 81.204002 74.485001 0.999974
-40.946999 23.204000 148.462006 -68.966003 -2.286000 -38.518002 143.182999 -0.085755 67.919998 15.261000 51.435001 100.647003 -63.282001 81.204002 74.485001 0.999973
-40.825001 22.954000 148.436005 -68.769997 -2.407000 -39.103001 143.182999 -0.086092 67.920998 15.261000 51.435001 100.647003 -63.284000 81.204002 74.485001 0.999974
-40.752998 22.863001 148.436005 -68.684998 -2.452000 -39.356998 143.182999 -0.086202 67.919998 15.260000 51.436001 100.647003 -63.284000 81.204002 74.484001 0.999973
-40.653000 22.730000 148.436005 -68.507004 -2.533000 -39.794998 143.179993 -0.086347 67.919998 15.261000 51.436001 100.647003 -63.284000 81.204002 74.485001 0.999972
-40.301998 22.284000 148.481003 -67.943001 -2.907000 -41.039001 143.182007 -0.086420 67.919998 15.261000 51.436001 100.647003 -63.284000 81.204002 74.485001 0.999971
-40.115002 22.076000 148.544006 -67.660004 -3.041000 -41.646999 143.186005 -0.086619 67.920998 15.261000 51.436001 100.647003 -63.284000 81.205002 74.484001 0.999970
-39.894001 21.840000 148.625000 -67.324997 -3.239000 -42.209000 143.192993 -0.086172 67.919998 15.261000 51.435001 100.647003 -63.284000 81.205002 74.487000 0.999968
-39.428001 21.354000 148.787003 -66.588997 -3.679000 -43.602001 143.238998 -0.085531 67.917999 15.260000 51.436001 100.647003 -63.284000 81.204002 74.483002 0.999967
-39.272999 21.188999 148.837006 -66.316002 -3.889000 -44.233002 143.272003 -0.084809 67.917999 15.261000 51.436001 100.651001 -63.282001 81.204002 74.484001 0.999967
-39.021999 20.934999 148.949005 -65.902000 -4.132000 -45.015999 143.311996 -0.084185 67.917999 15.261000 51.435001 100.644997 -63.284000 81.204002 74.485001 0.999967
-38.519001 20.457001 149.136002 -65.117996 -4.570000 -46.345001 143.360001 -0.083283 67.917999 15.261000 51.435001 100.649002 -63.284000 81.204002 74.485001 0.999967
-38.301998 20.268000 149.214005 -64.789001 -4.785000 -47.032001 143.371002 -0.082722 67.917000 15.261000 51.436001 100.647003 -63.284000 81.205002 74.485001 0.999965
-37.894001 19.910999 149.332993 -64.139999 -5.149000 -48.035999 143.386002 -0.082314 67.917999 15.260000 51.435001 100.640999 -63.284000 81.204002 74.484001 0.999963
-37.727001 19.771000 149.389008 -63.875000 -5.313000 -48.589001 143.389008 -0.081525 67.917000 15.260000 51.438000 100.648003 -63.282001 81.204002 74.485001 0.999962
-37.478001 19.563000 149.466995 -63.480999 -5.582000 -49.238998 143.391998 -0.080975 67.917000 15.260000 51.436001 100.651001 -63.284000 81.204002 74.485001 0.999960
-36.939999 19.139000 149.636002 -62.639000 -6.111000 -50.651001 143.393997 -0.080250 67.917000 15.261000 51.436001 100.647003 -63.284000 81.204002 74.485001 0.999959
-36.526001 18.818001 149.746994 -61.965000 -6.484000 -51.570999 143.393997 -0.079713 67.917999 15.261000 51.435001 100.644997 -63.284000 81.204002 74.485001 0.999958
-36.327000 18.653000 149.798996 -61.648998 -6.657000 -52.056999 143.395996 -0.078950 67.917000 15.260000 51.436001 100.644997 -63.284000 81.202003 74.484001 0.999957
-36.139000 18.506001 149.856995 -61.356998 -6.873000 -52.546001 143.395996 -0.078348 67.917000 15.261000 51.436001 100.649002 -63.284000 81.202003 74.485001 0.999955
-35.860001 18.292000 149.929993 -60.931999 -7.117000 -53.221001 143.393997 -0.077629 67.917000 15.261000 51.436001 100.647003 -63.284000 81.204002 74.485001 0.999953
-35.707001 18.160999 149.970001 -60.680000 -7.316000 -53.613998 143.395996 -0.076963 67.917000 15.261000 51.432999 100.649002 -63.284000 81.204002 74.485001 0.999953
-35.542000 18.032000 150.033997 -60.416000 -7.469000 -54.050999 143.395996 -0.076368 67.917999 15.262000 51.436001 100.642998 -63.284000 81.204002 74.481003 0.999952
-35.207001 17.754999 150.145996 -59.945000 -7.901000 -54.838001 143.393997 -0.075731 67.917999 15.260000 51.436001 100.647003 -63.284000 81.204002 74.483002 0.999951
-35.064999 17.635000 150.197998 -59.660999 -8.121000 -55.271999 143.393997 -0.074886 67.917999 15.260000 51.435001 100.647003 -63.284000 81.204002 74.485001 0.999951
-34.567001 17.226000 150.404999 -58.903999 -8.771000 -56.333000 143.393997 -0.073975 67.917000 15.260000 51.436001 100.644997 -63.284000 81.204002 74.484001 0.999951
-34.352001 17.056000 150.507004 -58.594002 -9.074000 -56.887001 143.393005 -0.073196 67.917000 15.261000 51.435001 100.647003 -63.284000 81.204002 74.485001 0.999952
-34.178001 16.907000 150.572998 -58.330002 -9.283000 -57.269001 143.393005 -0.072315 67.917000 15.260000 51.435001 100.643997 -63.282001 81.204002 74.485001 0.999953
-33.832001 16.629000 150.709000 -57.810001 -9.817000 -58.141998 143.393005 -0.071557 67.916000 15.260000 51.436001 100.644997 -63.284000 81.205002 74.483002 0.999954
-33.641998 16.424000 150.835999 -57.450001 -10.133000 -58.598999 143.393005 -0.070914 67.917000 15.261000 51.435001 100.644997 -63.284000 81.204002 74.485001 0.999954
-33.408001 16.211000 150.972000 -57.094002 -10.579000 -59.278000 143.391998 -0.070328 67.917000 15.261000 51.436001 100.651001 -63.284000 81.204002 74.484001 0.999954
-33.077999 15.916000 151.119003 -56.464001 -11.098000 -60.077999 143.393005 -0.069309 67.917000 15.260000 51.436001 100.643997 -63.284000 81.204002 74.484001 0.999954
-32.810001 15.688000 151.257996 -56.074001 -11.504000 -60.699001 143.393005 -0.068693 67.917999 15.261000 51.436001 100.651001 -63.284000 81.204002 74.484001 0.999953
-32.610001 15.529000 151.360001 -55.772999 -11.730000 -61.067001 143.393005 -0.067844 67.917999 15.261000 51.436001 100.647003 -63.284000 81.204002 74.484001 0.999952
-32.459999 15.393000 151.447006 -55.536999 -12.013000 -61.515999 143.393997 -0.067231 67.917000 15.261000 51.435001 100.648003 -63.284000 81.204002 74.483002 0.999952
-32.022999 14.993000 151.666000 -54.819000 -12.678000 -62.487999 143.401001 -0.066463 67.917000 15.260000 51.436001 100.648003 -63.282001 81.204002 74.485001 0.999952
-31.850000 14.841000 151.753998 -54.551998 -12.995000 -62.977001 143.414993 -0.065990 67.917999 15.262000 51.435001 100.648003 -63.284000 81.204002 74.485001 0.999951
-31.594000 14.611000 151.889999 -54.172001 -13.379000 -63.542999 143.440002 -0.065292 67.917000 15.261000 51.435001 100.647003 -63.284000 81.204002 74.484001 0.999950
-31.506001 14.536000 151.931000 -54.054001 -13.506000 -63.775002 143.451004 -0.064439 67.917000 15.261000 51.436001 100.648003 -63.284000 81.204002 74.485001 0.999950
-31.301001 14.352000 152.028000 -53.702000 -13.844000 -64.253998 143.466003 -0.063666 67.917999 15.261000 51.435001 100.647003 -63.284000 81.204002 74.484001 0.999950
-31.171000 14.246000 152.095993 -53.500000 -14.062000 -64.634003 143.473007 -0.063152 67.916000 15.260000 51.435001 100.649002 -63.284000 81.204002 74.484001 0.999951
-31.041000 14.129000 152.162003 -53.285000 -14.276000 -64.956001 143.485992 -0.062218 67.917000 15.260000 51.436001 100.647003 -63.284000 81.204002 74.487000 0.999953
-30.684000 13.835000 152.335999 -52.755001 -14.816000 -65.709999 143.528000 -0.062007 67.916000 15.261000 51.435001 100.644997 -63.284000 81.204002 74.483002 0.999953
-30.237000 13.470000 152.546997 -52.080002 -15.548000 -66.813004 143.565002 -0.061420 67.916000 15.260000 51.436001 100.651001 -63.284000 81.204002 74.485001 0.999953
-30.007000 13.226000 152.677002 -51.646000 -15.994000 -67.375999 143.574005 -0.061116 67.917000 15.261000 51.435001 100.655998 -63.285000 81.204002 74.484001 0.999953
-29.556999 12.849000 152.869003 -50.931999 -16.615999 -68.431999 143.589005 -0.060314 67.916000 15.260000 51.438000 100.647003 -63.284000 81.204002 74.484001 0.999953
-29.323000 12.664000 152.981003 -50.555000 -17.049999 -69.075996 143.595993 -0.059703 67.916000 15.261000 51.436001 100.643997 -63.284000 81.204002 74.484001 0.999954
-28.870001 12.323000 153.207993 -49.894001 -17.740999 -70.086998 143.608994 -0.059104 67.916000 15.260000 51.436001 100.644997 -63.284000 81.204002 74.484001 0.999953
-28.620001 12.130000 153.296997 -49.521999 -18.113001 -70.668999 143.615997 -0.059101 67.916000 15.260000 51.436001 100.644997 -63.284000 81.204002 74.484001 0.999954
-28.132999 11.767000 153.505005 -48.762001 -18.789000 -71.683998 143.625000 -0.058893 67.913002 15.261000 51.436001 100.648003 -63.284000 81.204002 74.484001 0.999953
-27.709999 11.471000 153.701004 -48.138000 -19.537001 -72.774002 143.634995 -0.058579 67.914001 15.261000 51.436001 100.649002 -63.284000 81.204002 74.485001 0.999954
-27.431000 11.284000 153.774002 -47.716999 -19.878000 -73.278000 143.639008 -0.058313 67.914001 15.261000 51.436001 100.648003 -63.284000 81.204002 74.485001 0.999954
-27.018000 11.011000 153.932007 -47.136002 -20.534000 -74.255997 143.649994 -0.057763 67.914001 15.260000 51.436001 100.657997 -63.284000 81.204002 74.485001 0.999954
-26.802999 10.883000 154.013000 -46.793999 -20.812000 -74.679001 143.654999 -0.057306 67.914001 15.261000 51.435001 100.654999 -63.284000 81.204002 74.485001 0.999954
-26.468000 10.670000 154.136002 -46.284000 -21.332001 -75.425003 143.664993 -0.057169 67.914001 15.261000 51.435001 100.648003 -63.284000 81.204002 74.484001 0.999955
-26.166000 10.491000 154.216995 -45.835999 -21.827000 -76.147003 143.675003 -0.057004 67.913002 15.260000 51.436001 100.644997 -63.282001 81.204002 74.485001 0.999953
-26.014999 10.402000 154.270004 -45.612999 -22.037001 -76.484001 143.681000 -0.056862 67.914001 15.260000 51.436001 100.652000 -63.284000 81.204002 74.483002 0.999953
-26.014999 10.402000 154.270004 -45.612999 -22.037001 -76.484001 143.681000 -0.056012 67.914001 15.260000 51.436001 100.651001 -63.284000 81.204002 74.485001 0.999953
-25.514999 10.147000 154.417999 -44.896999 -22.743000 -77.507004 143.701004 -0.055851 67.914001 15.260000 51.436001 100.648003 -63.284000 81.204002 74.484001 0.999954
-25.270000 10.018000 154.494995 -44.527000 -23.083000 -77.998001 143.718994 -0.055334 67.913002 15.260000 51.436001 100.647003 -63.284000 81.204002 74.483002 0.999954
-25.180000 9.970000 154.529007 -44.398998 -23.225000 -78.242996 143.727005 -0.054595 67.914001 15.260000 51.435001 100.647003 -63.284000 81.204002 74.485001 0.999956
-25.055000 9.898000 154.578995 -44.200001 -23.398001 -78.503998 143.738998 -0.054103 67.914001 15.261000 51.435001 100.648003 -63.285000 81.204002 74.487000 0.999957
-24.802999 9.792000 154.651001 -43.834999 -23.759001 -79.023003 143.761993 -0.053357 67.913002 15.261000 51.435001 100.647003 -63.284000 81.204002 74.485001 0.999957
-24.410999 9.614000 154.774002 -43.271000 -24.329000 -79.799004 143.776001 -0.052750 67.913002 15.261000 51.435001 100.647003 -63.284000 81.204002 74.485001 0.999957
-24.285999 9.552000 154.813004 -43.084000 -24.572001 -80.134003 143.779007 -0.052741 67.913002 15.261000 51.436001 100.649002 -63.282001 81.204002 74.483002 0.999957
-24.098000 9.490000 154.858994 -42.838001 -24.815001 -80.502998 143.779007 -0.052278 67.913002 15.261000 51.436001 100.648003 -63.284000 81.204002 74.484001 0.999956
-23.745001 9.356000 154.973007 -42.331001 -25.245001 -81.120003 143.781998 -0.052115 67.914001 15.261000 51.435001 100.647003 -63.284000 81.204002 74.484001 0.999956
-23.576000 9.305000 155.014008 -42.081001 -25.537001 -81.536003 143.783005 -0.051520 67.913002 15.260000 51.436001 100.649002 -63.284000 81.204002 74.485001 0.999956
-23.212000 9.170000 155.098007 -41.550999 -26.035999 -82.205002 143.794998 -0.051246 67.914001 15.261000 51.436001 100.649002 -63.284000 81.204002 74.483002 0.999955
-23.046000 9.130000 155.145996 -41.300999 -26.295000 -82.526001 143.800003 -0.050662 67.914001 15.261000 51.436001 100.648003 -63.284000 81.204002 74.484001 0.999955
-22.865000 9.081000 155.205002 -41.037998 -26.577999 -82.939003 143.804001 -0.050018 67.914001 15.260000 51.436001 100.647003 -63.284000 81.204002 74.484001 0.999953
-22.538000 8.979000 155.279007 -40.567001 -27.004999 -83.500000 143.811996 -0.049510 67.912003 15.260000 51.435001 100.647003 -63.284000 81.204002 74.484001 0.999952
-22.216999 8.916000 155.363007 -40.111000 -27.509001 -84.140999 143.822998 -0.048544 67.913002 15.261000 51.436001 100.647003 -63.284000 81.204002 74.485001 0.999953
-22.000999 8.867000 155.417999 -39.819000 -27.754999 -84.446999 143.828003 -0.047770 67.913002 15.261000 51.436001 100.648003 -63.284000 81.204002 74.485001 0.999953
-21.702999 8.813000 155.481003 -39.428001 -28.201000 -84.972000 143.837006 -0.046990 67.914001 15.261000 51.435001 100.649002 -63.284000 81.204002 74.483002 0.999954
-21.457001 8.771000 155.526993 -39.071999 -28.629999 -85.468002 143.845993 -0.045643 67.914001 15.261000 51.435001 100.647003 -63.282001 81.204002 74.487000 0.999956
-21.283001 8.751000 155.570007 -38.831001 -28.840000 -85.733002 143.852005 -0.044416 67.914001 15.261000 51.435001 100.649002 -63.282001 81.204002 74.484001 0.999958
-21.113001 8.732000 155.613007 -38.592999 -29.097000 -86.010002 143.856995 -0.043219 67.913002 15.260000 51.435001 100.648003 -63.282001 81.204002 74.483002 0.999960
-21.004000 8.725000 155.636993 -38.445000 -29.299999 -86.246002 143.860992 -0.041915 67.913002 15.261000 51.436001 100.649002 -63.284000 81.204002 74.484001 0.999962
-20.672001 8.716000 155.707001 -37.985001 -29.792000 -86.775002 143.871002 -0.040461 67.914001 15.262000 51.435001 100.648003 -63.284000 81.204002 74.485001 0.999964
-20.483999 8.709000 155.740005 -37.727001 -30.006001 -87.043999 143.875000 -0.038794 67.914001 15.261000 51.435001 100.651001 -63.284000 81.204002 74.487000 0.999967
-20.483999 8.709000 155.740005 -37.727001 -30.006001 -87.043999 143.875000 -0.037298 67.914001 15.261000 51.435001 100.651001 -63.284000 81.204002 74.487000 0.999970
-20.483999 8.709000 155.740005 -37.727001 -30.006001 -87.043999 143.875000 -0.035881 67.914001 15.261000 51.435001 100.651001 -63.284000 81.204002 74.487000 0.999974
-20.483999 8.709000 155.740005 -37.727001 -30.006001 -87.043999 143.875000 -0.034447 67.914001 15.261000 51.435001 100.651001 -63.284000 81.204002 74.487000 0.999978
-20.483999 8.709000 155.740005 -37.727001 -30.006001 -87.043999 143.875000 -0.033089 67.914001 15.261000 51.435001 100.651001 -63.284000 81.204002 74.487000 0.999980
-20.483999 8.709000 155.740005 -37.727001 -30.006001 -87.043999 143.875000 -0.031314 67.914001 15.261000 51.435001 100.651001 -63.284000 81.204002 74.487000 0.999984
-20.483999 8.709000 155.740005 -37.727001 -30.006001 -87.043999 143.875000 -0.029694 67.914001 15.261000 51.435001 100.651001 -63.284000 81.204002 74.487000 0.999988
-20.483999 8.709000 155.740005 -37.727001 -30.006001 -87.043999 143.875000 -0.028041 67.914001 15.261000 51.435001 100.651001 -63.284000 81.204002 74.487000 0.999991
-20.483999 8.709000 155.740005 -37.727001 -30.006001 -87.043999 143.875000 -0.026329 67.914001 15.261000 51.435001 100.651001 -63.284000 81.204002 74.487000 0.999995
-20.483999 8.709000 155.740005 -37.727001 -30.006001 -87.043999 143.875000 -0.024559 67.914001 15.261000 51.435001 100.651001 -63.284000 81.204002 74.487000 0.999998
-20.483999 8.709000 155.740005 -37.727001 -30.006001 -87.043999 143.875000 -0.022776 67.914001 15.261000 51.435001 100.651001 -63.284000 81.204002 74.487000 1.000001
-20.483999 8.709000 155.740005 -37.727001 -30.006001 -87.043999 143.875000 -0.021054 67.914001 15.261000 51.435001 100.651001 -63.284000 81.204002 74.487000 1.000005
-20.483999 8.709000 155.740005 -37.727001 -30.006001 -87.043999 143.875000 -0.019354 67.914001 15.261000 51.435001 100.651001 -63.284000 81.204002 74.487000 1.000007
-20.483999 8.709000 155.740005 -37.727001 -30.006001 -87.043999 143.875000 -0.017655 67.914001 15.261000 51.435001 100.651001 -63.284000 81.204002 74.487000 1.000010
-20.483999 8.709000 155.740005 -37.727001 -30.006001 -87.043999 143.875000 -0.016020 67.914001 15.261000 51.435001 100.651001 -63.284000 81.204002 74.487000 1.000013
-20.483999 8.709000 155.740005 -37.727001 -30.006001 -87.043999 143.875000 -0.014339 67.914001 15.261000 51.435001 100.651001 -63.284000 81.204002 74.487000 1.000016
-20.483999 8.709000 155.740005 -37.727001 -30.006001 -87.043999 143.875000 -0.012912 67.914001 15.261000 51.435001 100.651001 -63.284000 81.204002 74.487000 1.000020
-20.483999 8.709000 155.740005 -37.727001 -30.006001 -87.043999 143.875000 -0.011345 67.914001 15.261000 51.435001 100.651001 -63.284000 81.204002 74.487000 1.000023
-20.483999 8.709000 155.740005 -37.727001 -30.006001 -87.043999 143.875000 -0.010047 67.914001 15.261000 51.435001 100.651001 -63.284000 81.204002 74.487000 1.000027
-20.483999 8.709000 155.740005 -37.727001 -30.006001 -87.043999 143.875000 -0.008390 67.914001 15.261000 51.435001 100.651001 -63.284000 81.204002 74.487000 1.000031
-20.483999 8.709000 155.740005 -37.727001 -30.006001 -87.043999 143.875000 -0.007001 67.914001 15.261000 51.435001 100.651001 -63.284000 81.204002 74.487000 1.000035
-20.483999 8.709000 155.740005 -37.727001 -30.006001 -87.043999 143.875000 -0.005525 67.914001 15.261000 51.435001 100.651001 -63.284000 81.204002 74.487000 1.000039
-20.483999 8.709000 155.740005 -37.727001 -30.006001 -87.043999 143.875000 -0.004090 67.914001 15.261000 51.435001 100.651001 -63.284000 81.204002 74.487000 1.000042
-20.483999 8.709000 155.740005 -37.727001 -30.006001 -87.043999 143.875000 -0.002659 67.914001 15.261000 51.435001 100.651001 -63.284000 81.204002 74.487000 1.000046
